264198745
257695390
211725302
247657325
370552677
300025749
286502855
328495843
