49,27,53,71,42,50,64,45,32,7,47,68,58,37,47,47,37,13,58,66,46,26,21,27,18,22,22,22,16,21,20,29,10,26,22,27,20,19,20,20,26,23,28,23,23,19,24,21,19,24,20,18,25,29,22,24,21,21,21,19,23,22,26,22,22,27,21,22,8,7,3,2,8,6,7,8,7,8,6,7,8,6,7,9,7,2,7,8,7,7,6,9,5,8,8,7,7,6,7,4,6,8,8,6,9,6,7,6,8,5,6,5,5,8,6,7,2,8,1,7,9,4,7,6,8,9,7,5,6,7,6,8,8,9,7,5,7,7,6,9,9,8,8,7,8,8,9,8,8,6,8,6,10,7,8,7,6,9,7,6,8,6,5,7,5,8,8,3,9,8,7,6,8,7,7,6,8,7,8,7,5,8,6,5,8,4,6,6,8,2,9,3,7,5,9,8,8,8,6,6,8,8,8,8,7,3,6,5,8,7,4,7,6,5,6,5,8,7,9,304,260,339,321,178,251,290,221,146,314,358,320,247,345,303,336,316,310,318,358,305,116,138,348,281,265,220,113,218,175,220,168,181,196,152,231,229,229,236,193,145,173,150,226,233,255,48,182,92,162,218,230,170,225,69,172,116,225,209,150,245,199,206,208,189,215,217,205,194,173,142,171,210,176,175,206,215,189,68,210,211,241,241,172,224,232,220,115,200,245,210,202,186,155,214,195,177,66,159,194,196,241,50,197,242,219,157,200,225,233,205,226,241,215,217,200,257,223,202,183,205,191,214,130,244,226,196,193,183,181,210,223,167,211,211,225,204,206,195,215,194,205,227,200,200,187,181,172,211,203,202,74,212,210,188,222,191,242,136,170,241,105,188,182,222,234,174,202,198,172,248,275,219,195,179,161,197,180,207,209,234,244,203,201,201,196,220,172,206,215,166,207,198,228,165,217,196,110,234,228,98,210,232,166,51,167,222,159,245,237,200,204,219,200,151,172,47,202,182,206,198,102,208,111,218,220,201,42,215,206,225,202,206,209,218,167,197,51,203,183,207,203,182,81,224,188,190,175,219,227,222,187,227,193,243,163,175,205,253,107,180,238,240,47,188,237,202,151,204,202,221,209,167,225,177,34,191,199,81,59,165,203,158,146,78,213,185,234,152,158,209,217,164,206,180,191,233,231,80,205,166,219,214,186,227,159,195,175,220,193,146,184,226,235,195,47,148,220,209,226,192,229,222,226,201,196,59,217,188,223,184,190,206,225,195,181,153,202,236,175,218,230,207,186,199,167,210,178,210,127,158,190,225,211,210,187,178,200,205,219,203,176,196,222,220,131,187,231,169,210,179,183,165,218,194,114,200,225,210,199,216,222,170,216,191,169,226,236,217,198,240,185,195,172,171,200,199,171,250,201,195,202,240,221,170,238,183,47,227,217,203,159,229,108,183,203,179,239,171,80,214,162,164,179,205,151,202,225,170,219,208,192,203,196,90,111,187,222,204,197,216,189,153,201,229,211,225,198,171,236,75,230,179,167,193,203,240,63,244,197,174,50,194,221,72,225,200,82,204,174,178,202,194,185,161,138,165,227,215,190,65,59,210,200,206,209,155,198,202,228,174,193,237,200,201,186,205,218,202
72,50,74,100,55,71,91,65,48,18,69,95,79,51,65,66,52,28,82,94,66,49,36,50,31,41,42,34,37,32,38,64,30,45,48,53,37,35,34,39,57,41,55,35,37,35,38,38,35,44,31,30,43,57,29,38,37,39,39,35,47,46,49,37,42,57,37,43,6,7,3,3,9,6,6,8,7,7,6,6,7,4,5,9,6,4,7,7,5,7,4,10,4,7,9,7,7,5,7,2,4,7,9,4,10,5,8,6,8,4,4,4,4,7,5,7,2,6,1,5,10,5,7,6,9,9,7,5,6,8,8,9,7,9,5,4,6,6,5,9,10,9,7,8,9,7,9,8,8,6,8,5,11,4,8,7,6,9,6,5,10,6,6,7,4,8,7,4,9,8,7,5,9,6,6,5,8,6,7,6,5,8,7,4,9,3,5,6,8,0,8,3,5,4,8,7,7,7,5,5,9,6,8,7,6,4,5,4,8,6,4,7,5,4,5,3,6,6,9,325,270,357,318,222,233,294,237,211,356,379,334,280,375,329,361,321,324,306,417,344,175,172,354,323,282,217,160,193,167,221,138,189,191,134,229,217,236,229,174,156,175,129,232,226,271,84,145,102,175,212,216,193,212,95,177,129,227,196,135,254,180,201,223,186,194,215,192,193,169,114,143,212,159,174,201,218,182,102,208,183,244,239,150,213,225,224,129,165,253,232,190,178,139,211,214,165,94,121,193,198,239,64,202,243,196,142,183,211,223,188,230,239,189,217,187,278,207,168,156,197,162,184,137,242,207,202,191,173,193,183,208,162,223,207,202,197,201,199,193,175,185,217,208,220,181,172,170,187,194,191,90,206,187,210,236,203,250,146,151,260,129,181,165,210,227,171,188,196,173,258,307,198,177,165,127,198,193,176,179,230,243,210,189,163,197,202,172,197,192,162,208,198,218,155,212,180,118,232,234,133,204,231,166,86,158,203,145,251,248,206,189,196,159,129,172,79,190,186,197,157,100,200,118,203,204,187,69,214,197,210,212,196,177,218,166,202,85,211,196,206,208,198,105,216,167,201,139,256,216,225,161,235,198,250,175,154,172,260,134,168,238,240,56,177,229,187,134,189,179,200,201,158,218,181,50,211,179,103,80,155,210,165,150,69,209,195,242,180,148,197,202,157,204,190,193,217,226,103,194,138,194,208,180,234,148,170,185,202,188,121,156,233,229,201,81,147,222,184,212,213,244,206,210,189,197,102,220,201,211,157,185,175,208,198,161,144,169,233,184,198,220,175,199,206,158,202,188,193,127,144,169,207,210,198,150,190,214,194,195,189,160,176,245,225,150,185,228,168,218,184,178,150,218,195,103,181,209,204,164,200,206,172,192,163,161,216,232,213,182,257,196,196,174,177,182,218,167,256,203,193,210,242,201,170,238,190,83,234,220,234,151,221,86,171,225,170,260,171,102,210,132,160,160,165,150,188,235,166,199,225,163,187,172,100,147,183,195,191,159,198,161,141,207,215,208,231,198,149,231,81,243,146,160,219,194,233,84,255,218,160,80,193,204,110,230,182,105,215,153,178,225,153,170,150,155,153,243,195,188,88,101,213,212,201,180,138,189,200,240,176,197,233,170,188,172,234,201,187
118,96,116,153,87,114,142,107,87,51,113,146,122,87,105,106,87,67,128,148,108,64,47,66,40,55,57,40,60,37,53,91,55,56,71,71,50,47,43,55,81,53,73,39,43,48,44,51,48,57,38,39,52,76,29,44,49,51,51,47,65,65,63,45,58,79,48,58,4,5,3,4,8,4,4,6,5,5,4,5,5,3,3,7,3,5,5,5,3,5,2,8,2,5,7,5,6,4,5,2,2,4,8,2,8,4,6,5,6,3,2,2,3,5,3,6,3,4,2,3,8,5,5,5,7,7,5,4,5,6,7,7,5,7,3,3,4,4,4,8,8,7,4,6,7,6,7,6,5,5,6,3,9,2,6,5,5,7,4,3,9,5,6,6,2,7,5,4,7,7,5,3,7,4,4,4,6,4,5,4,4,6,5,3,7,3,3,5,6,0,6,2,3,3,6,5,5,4,3,2,7,4,7,5,4,4,3,3,6,4,4,6,3,2,4,2,4,5,7,349,317,403,328,284,252,321,265,304,367,415,345,315,420,337,394,332,340,311,444,386,250,232,360,352,293,234,234,166,167,215,121,194,185,128,222,195,229,212,161,165,178,123,228,208,264,131,122,126,187,199,193,213,198,130,181,150,217,180,133,244,161,195,225,183,176,206,177,188,166,103,125,208,149,173,195,217,175,145,200,164,233,225,137,200,212,221,152,145,245,240,180,171,133,200,222,161,131,100,188,196,223,96,203,229,173,137,170,194,204,170,219,222,168,207,174,272,190,144,143,188,142,160,156,226,187,201,188,167,201,159,191,165,225,199,176,189,194,200,174,166,165,204,209,224,176,168,164,165,185,180,124,193,168,225,237,206,243,163,141,255,161,176,150,198,212,166,177,190,178,252,307,174,164,157,109,194,202,153,158,218,223,209,182,137,192,183,174,182,171,166,212,193,202,152,198,170,135,219,222,165,193,225,169,131,155,184,141,243,238,204,173,175,129,119,173,121,179,184,188,129,113,188,136,189,186,174,114,208,190,196,216,189,153,211,167,204,130,211,202,200,203,213,141,205,155,199,121,266,201,219,146,230,202,241,185,138,147,244,167,165,226,226,83,165,208,172,131,176,156,176,191,150,209,185,87,220,164,135,116,153,204,172,160,82,202,197,231,201,148,180,188,157,199,196,193,192,210,138,181,126,171,191,176,224,146,155,193,186,181,113,141,229,214,203,126,153,216,164,198,223,246,188,188,177,195,150,216,204,197,144,178,153,185,198,146,149,145,217,192,176,202,155,204,208,152,188,196,180,139,141,159,189,205,184,129,201,218,183,172,177,148,161,247,222,167,188,218,169,213,185,178,140,211,190,111,161,187,196,141,185,190,177,168,140,155,203,216,202,169,248,195,193,175,184,165,220,167,241,195,186,208,231,180,177,227,190,131,224,213,245,153,209,83,162,230,166,259,172,135,204,119,162,144,134,155,177,230,169,181,228,145,172,157,124,182,178,168,174,136,187,147,142,207,196,201,223,192,135,215,100,240,127,159,232,186,214,120,251,228,153,121,187,183,153,223,168,135,215,139,173,231,127,159,148,176,147,241,178,188,122,149,213,213,192,158,133,186,192,235,176,200,216,154,177,158,241,182,170
169,151,162,211,123,163,198,155,132,92,164,201,167,127,150,152,128,113,179,205,157,61,44,63,39,54,55,35,67,31,54,92,65,52,74,68,50,46,40,55,83,50,71,32,37,48,38,49,48,54,34,37,48,74,21,38,47,49,50,47,65,67,59,41,57,79,46,58,3,5,4,7,9,4,3,6,6,5,5,5,5,2,3,8,2,7,5,6,2,5,1,9,2,6,8,5,7,3,5,2,2,4,9,1,10,4,7,5,6,3,1,2,3,6,3,6,4,3,3,2,9,6,5,5,8,7,5,5,6,8,9,8,5,8,2,3,3,4,4,9,10,8,4,7,8,6,9,7,5,5,7,3,10,0,6,6,6,7,4,4,10,6,7,7,2,7,5,5,7,8,6,3,8,4,4,4,6,5,5,4,5,7,6,2,9,4,4,6,6,0,6,3,2,3,7,5,5,4,3,2,8,4,7,4,3,6,4,3,7,5,4,7,4,2,4,1,3,5,7,343,338,409,318,352,244,329,300,376,402,418,374,362,428,368,393,333,364,290,487,390,322,299,350,396,316,270,290,150,162,209,107,199,181,124,213,181,226,202,149,176,179,116,225,197,262,167,102,143,196,191,180,225,185,158,184,164,212,170,127,239,148,188,229,180,160,200,167,186,164,94,114,204,141,174,187,214,171,175,194,145,226,214,128,187,200,218,167,124,240,245,170,166,129,194,229,154,161,85,187,195,213,120,202,222,156,134,159,182,191,158,215,213,150,202,164,272,175,125,127,180,126,140,164,217,172,201,185,162,206,142,178,163,226,190,159,181,187,200,157,154,152,191,211,232,172,163,166,149,176,172,146,187,152,234,237,212,238,174,131,256,182,171,143,186,200,165,167,187,178,246,309,159,153,150,94,193,207,134,138,208,216,210,171,115,192,169,175,174,155,164,206,191,191,150,192,158,148,210,220,194,185,216,170,167,153,167,137,236,236,204,163,158,108,114,174,155,170,187,179,107,121,180,148,176,172,164,146,201,180,182,216,180,132,206,168,204,165,210,208,194,202,219,166,194,142,206,104,280,189,213,131,229,202,236,192,128,127,239,189,158,218,217,107,159,197,161,126,164,143,161,182,148,198,186,115,228,151,160,144,150,204,180,166,93,194,202,229,217,145,171,175,155,192,200,192,177,201,162,172,114,155,184,172,221,143,142,198,171,177,104,125,226,202,202,160,158,210,146,184,231,245,173,174,166,193,189,212,211,185,130,174,134,172,198,137,147,124,207,196,161,189,135,209,208,150,181,200,165,145,137,146,174,199,174,110,207,221,174,156,166,141,148,254,219,185,183,209,170,215,187,175,136,206,190,115,148,174,187,121,171,176,178,152,126,153,191,206,195,159,250,201,193,176,187,153,227,166,235,194,183,209,223,165,177,219,194,167,221,209,258,152,198,83,156,239,161,260,173,159,196,107,161,135,113,158,166,228,168,165,232,130,162,142,141,208,176,150,165,116,172,131,138,206,183,194,220,190,126,205,118,238,112,157,243,175,203,147,245,236,146,154,185,170,186,219,158,160,217,130,175,240,105,151,145,189,144,242,163,185,151,187,209,216,185,139,127,177,190,235,179,198,206,134,168,150,253,169,161
193,180,184,233,144,186,221,178,158,120,188,223,188,150,172,174,151,143,201,229,181,58,43,60,39,52,54,34,68,30,53,89,68,49,72,65,49,46,39,55,81,48,68,30,35,47,36,48,47,52,33,37,45,70,20,36,46,48,49,47,63,65,56,39,56,76,45,56,3,5,6,9,10,5,3,7,6,6,5,6,6,3,4,9,3,9,6,6,2,5,1,10,3,7,9,5,8,4,5,2,2,4,10,1,11,5,8,6,7,4,2,3,4,6,3,7,5,3,4,2,10,8,6,6,9,8,6,6,7,9,11,9,5,9,3,4,4,4,5,10,11,9,4,8,9,7,10,8,6,6,8,4,11,0,7,7,7,8,5,4,12,7,9,8,3,8,5,7,8,10,6,3,9,5,5,4,6,6,6,4,6,8,7,3,10,5,4,7,7,1,7,4,3,4,7,5,5,4,3,2,9,4,8,5,4,7,4,3,7,5,5,8,4,3,5,2,4,5,8,358,364,429,325,387,266,350,320,418,412,431,386,382,444,380,406,349,377,298,494,404,360,337,357,412,330,295,326,144,159,204,108,197,178,126,205,175,220,193,146,181,180,118,218,190,254,184,100,154,199,187,174,226,178,173,184,172,206,166,129,231,145,182,224,177,153,194,164,184,165,97,114,198,140,174,182,207,168,189,189,137,218,207,127,179,192,211,174,118,231,241,166,163,130,189,227,152,175,87,184,192,204,136,199,215,150,134,154,175,184,154,208,206,144,197,160,262,168,119,124,176,122,134,169,209,165,199,182,161,206,136,172,163,222,186,153,175,182,197,151,150,148,183,207,230,169,160,166,143,172,167,158,182,145,231,232,210,229,179,131,249,191,169,142,177,192,166,163,185,178,238,298,153,149,149,95,191,206,128,131,200,208,206,166,111,190,162,174,169,150,164,199,187,185,151,188,155,157,202,215,206,180,209,171,183,154,160,138,227,230,201,159,152,103,116,175,172,164,185,173,103,130,175,155,169,164,161,162,196,174,174,212,174,126,199,169,200,182,206,207,190,199,218,178,187,138,205,101,276,182,207,128,223,198,227,195,128,122,231,198,156,211,208,124,156,190,157,127,160,139,154,177,149,190,185,135,227,148,171,158,150,202,182,169,105,189,201,223,221,145,167,168,157,187,200,189,170,193,175,167,113,149,180,170,216,145,137,196,164,175,106,122,219,194,199,177,162,205,141,177,229,238,166,167,162,190,204,207,211,177,126,173,128,165,195,135,148,119,200,196,155,181,129,209,204,151,176,200,158,150,139,143,166,193,170,107,206,217,168,149,162,140,145,249,213,192,181,201,171,211,188,173,137,199,187,121,144,167,183,117,164,169,178,146,124,155,184,198,190,156,244,202,189,176,187,150,226,166,227,191,181,206,215,159,177,209,194,183,215,203,255,153,190,91,155,236,159,253,174,171,191,107,162,134,109,160,162,222,168,158,228,128,158,138,151,216,173,145,162,110,164,126,140,202,176,189,215,188,125,197,132,232,109,159,241,170,195,162,235,234,145,171,183,163,200,213,154,173,213,130,175,237,100,149,146,193,146,236,156,183,167,201,203,213,180,133,129,172,186,229,179,196,199,129,164,150,251,161,157
72,64,73,83,66,72,79,69,63,52,71,81,75,64,70,70,65,56,76,81,70,43,38,43,36,40,40,37,38,36,39,48,36,41,43,44,38,37,37,39,46,40,45,38,38,38,39,39,38,41,36,36,41,46,35,39,38,39,39,38,42,42,43,38,40,46,38,41,7,8,6,6,9,7,7,8,8,8,7,7,8,7,7,9,7,7,8,8,7,8,7,9,6,8,8,8,8,7,8,6,7,8,9,7,9,7,8,7,8,7,7,7,7,8,7,8,6,7,6,7,9,7,8,7,9,9,8,7,7,8,8,8,8,9,7,7,7,7,7,9,9,8,8,8,8,8,9,8,8,7,8,7,9,7,8,8,8,8,7,7,9,7,7,8,7,8,8,7,8,8,8,7,8,7,7,7,8,7,8,7,7,8,8,7,9,6,7,7,8,5,8,6,7,7,8,8,8,8,7,7,8,8,8,8,7,6,7,7,8,7,7,8,7,7,7,6,7,8,8,330,309,343,328,281,296,319,282,287,332,346,318,297,344,321,344,328,319,318,348,339,263,257,341,313,303,278,264,187,177,197,166,186,186,165,201,196,203,201,180,172,181,163,202,200,217,146,169,153,181,194,196,187,194,149,181,163,200,188,164,210,182,190,198,185,188,195,187,187,178,157,168,194,174,180,190,196,183,152,193,184,207,205,171,195,200,199,163,177,210,202,186,182,166,194,195,177,150,160,187,190,205,138,191,206,188,168,183,193,198,185,201,204,185,196,184,219,192,177,173,188,175,183,166,206,192,190,187,179,187,183,192,175,199,193,191,188,190,189,187,180,184,196,192,197,183,179,178,185,188,186,148,192,185,194,203,190,209,169,171,213,163,183,177,194,200,178,185,189,179,211,231,189,181,176,162,189,187,180,181,201,206,194,186,176,189,191,179,188,187,175,193,189,197,173,194,182,158,201,203,165,192,202,177,147,174,190,169,209,207,192,186,188,174,163,179,143,186,185,189,173,151,190,159,191,191,185,140,195,189,194,194,188,181,197,177,191,146,193,188,192,192,189,154,196,177,191,167,211,195,199,175,204,189,209,181,172,179,212,164,178,204,205,135,181,201,185,165,186,182,190,191,174,196,183,133,194,182,152,144,173,193,176,171,140,193,188,205,182,170,189,190,174,191,186,187,196,200,153,188,166,188,192,182,202,170,178,184,191,185,159,173,202,201,190,145,170,199,183,194,194,207,192,193,185,188,153,197,190,194,173,184,180,193,189,175,169,178,202,184,189,197,180,190,192,174,190,185,187,162,168,178,193,194,189,171,186,194,187,187,185,174,181,207,199,171,184,201,178,196,183,182,171,196,188,153,183,193,191,176,190,192,179,187,175,175,196,202,194,183,211,187,189,180,181,183,197,177,211,191,187,193,205,190,178,204,186,145,203,197,203,172,197,146,179,200,179,213,179,153,193,163,175,175,177,171,186,203,177,190,199,176,185,179,152,170,183,188,186,175,189,175,168,192,195,193,202,189,170,202,144,206,169,175,197,187,202,146,210,196,174,144,187,191,155,201,183,153,195,172,181,199,172,178,171,173,172,206,187,185,148,152,195,194,190,183,166,186,190,205,181,188,202,178,185,179,202,190,185
110,99,109,128,94,108,122,104,94,76,108,125,112,94,103,104,94,84,115,125,105,58,50,59,46,54,55,46,56,45,53,72,54,54,62,62,51,50,48,54,67,53,63,46,48,50,48,52,50,55,45,46,52,65,41,48,51,52,52,50,59,59,58,49,55,66,50,56,5,6,5,6,7,5,5,6,6,6,6,6,6,5,5,7,5,6,6,6,5,6,4,7,5,6,7,6,6,5,6,4,5,6,7,4,8,5,7,6,6,5,4,5,5,6,5,6,5,5,4,5,8,6,6,6,7,7,6,6,6,7,7,7,6,7,5,5,5,5,5,7,8,7,6,7,7,6,7,7,6,6,6,5,8,4,6,6,6,7,6,5,8,6,6,7,5,7,6,5,7,7,6,5,7,6,6,5,6,6,6,5,6,7,6,5,7,5,5,6,6,4,6,4,5,5,7,6,6,6,5,5,7,5,7,6,5,5,5,5,7,6,5,6,5,5,5,4,5,6,7,352,335,378,341,304,302,336,292,329,347,381,332,318,384,331,374,342,333,329,383,369,287,274,357,336,308,279,288,173,174,198,149,188,183,153,202,188,205,196,171,172,179,151,205,194,224,155,149,152,184,189,187,197,190,154,180,164,199,180,156,213,171,187,204,182,178,193,178,184,173,140,152,194,165,176,187,199,177,162,191,171,207,203,158,190,197,201,166,162,214,211,180,175,156,190,202,170,154,140,184,188,202,136,192,205,177,158,174,188,193,175,201,202,173,194,177,227,185,162,161,184,160,170,167,204,184,191,184,174,191,169,186,172,203,190,179,185,188,191,177,172,172,193,196,202,178,174,173,173,183,180,152,187,174,203,210,193,213,172,160,219,171,178,165,189,196,173,179,184,179,216,245,177,172,169,143,187,191,166,169,200,202,196,181,158,187,182,177,182,176,172,196,187,191,166,190,175,157,200,202,172,187,203,175,155,167,182,160,212,209,193,176,177,154,148,177,150,179,183,184,154,146,184,158,185,183,177,147,195,185,188,199,185,166,196,173,193,154,195,192,191,192,197,160,193,167,191,150,224,191,200,162,206,191,212,182,158,164,214,174,173,204,204,130,172,194,176,155,178,168,179,185,164,194,182,132,200,172,157,148,166,192,176,170,130,191,189,207,190,164,180,185,168,189,188,187,186,195,159,180,152,176,186,178,203,163,168,187,183,181,145,160,205,198,192,152,166,199,172,189,202,214,184,185,179,188,165,199,193,189,162,180,166,183,189,163,164,162,199,186,178,192,168,192,195,166,184,188,180,159,160,169,184,193,183,153,190,200,182,176,178,164,171,215,201,174,184,199,175,198,183,180,159,196,185,145,170,184,188,160,183,186,178,173,160,167,192,198,191,175,216,188,188,177,183,173,201,174,211,188,183,195,206,180,179,204,185,155,202,197,214,166,195,131,171,206,173,221,176,157,192,148,171,161,157,167,178,206,174,181,204,162,176,168,151,181,179,174,177,158,183,163,161,193,188,191,203,186,157,198,139,211,153,169,207,183,197,150,217,205,167,150,184,182,166,202,174,158,198,160,177,206,153,170,164,178,163,212,179,184,151,165,197,197,186,168,156,183,186,209,179,190,199,167,179,168,212,181,175
159,146,153,188,125,154,179,148,132,103,155,182,157,128,145,146,129,118,166,185,150,58,46,60,42,53,54,39,62,37,53,81,61,52,67,64,50,48,43,54,74,50,66,38,41,49,42,49,49,53,39,41,49,68,30,42,48,50,50,48,61,62,57,44,55,71,48,56,5,6,5,7,9,5,4,7,6,6,6,6,6,4,5,8,4,8,6,6,4,6,3,9,4,6,8,6,7,5,6,3,3,5,9,3,9,5,7,6,7,5,3,4,4,6,4,7,5,4,4,3,9,7,6,6,8,8,6,6,6,8,9,8,6,8,4,4,5,5,5,9,9,8,5,7,8,7,8,7,6,6,7,5,10,3,7,7,7,7,5,5,10,7,8,8,4,8,6,6,8,8,6,4,8,5,5,5,6,6,6,5,6,7,7,4,8,5,5,7,7,3,7,4,4,4,7,6,6,5,4,4,8,5,8,5,5,6,5,4,7,6,5,7,5,4,5,3,5,6,7,343,339,391,325,350,273,334,310,368,385,395,364,355,402,361,379,337,360,302,445,377,327,310,349,380,325,291,303,157,166,200,127,192,180,139,203,181,213,195,157,177,180,133,212,192,239,170,123,153,191,188,180,212,183,164,182,168,203,173,142,223,157,185,214,180,165,193,170,184,169,117,132,196,152,175,185,204,173,176,190,153,212,204,142,185,194,206,170,138,223,227,172,169,143,189,216,161,166,111,185,190,203,136,196,210,162,146,164,181,188,164,204,204,158,196,168,246,176,139,142,180,140,151,168,207,174,195,183,167,198,152,179,167,213,187,165,180,184,194,163,161,159,187,202,217,174,167,168,157,176,174,156,184,159,218,220,202,221,175,144,234,181,173,153,183,194,169,170,184,178,228,273,164,160,158,118,189,198,146,149,200,205,201,174,133,189,172,175,175,162,168,198,187,187,158,188,165,157,201,209,190,183,206,172,170,161,170,149,219,220,197,168,164,127,132,175,161,172,184,178,127,137,180,156,177,174,168,155,195,180,181,205,179,145,198,171,196,169,201,199,190,195,208,169,189,152,198,125,252,187,204,145,214,195,220,188,142,141,222,186,164,208,205,127,164,192,166,141,168,153,165,182,156,192,184,134,214,159,165,154,157,197,178,170,117,189,195,215,206,154,173,175,161,188,194,188,177,194,167,174,132,161,183,174,210,153,152,192,173,177,125,140,213,195,196,165,163,201,156,182,217,226,174,175,170,188,186,203,202,184,143,175,146,174,192,148,156,140,200,191,165,186,147,201,200,158,180,194,168,154,149,155,175,193,176,129,199,209,175,162,169,151,157,233,207,183,182,200,173,205,185,176,148,198,186,132,157,175,185,138,172,176,179,159,140,160,188,198,190,165,230,195,188,177,185,160,214,170,219,189,182,200,211,169,178,207,190,170,209,200,236,160,193,109,162,222,166,238,175,164,191,127,166,147,131,164,170,214,171,169,217,144,167,153,151,199,176,158,168,133,173,144,150,198,182,190,209,187,140,198,135,222,130,163,225,176,196,156,227,220,155,161,183,172,184,208,163,165,206,143,176,222,125,158,154,186,154,224,167,184,159,184,200,205,184,150,142,177,186,220,178,193,199,147,171,159,232,171,166
193,180,184,233,144,186,221,178,158,120,188,223,188,150,172,174,151,143,201,229,181,58,43,60,39,52,54,34,68,30,53,89,68,49,72,65,49,46,39,55,81,48,68,30,35,47,36,48,47,52,33,37,45,70,20,36,46,48,49,47,63,65,56,39,56,76,45,56,3,5,6,9,10,5,3,7,6,6,5,6,6,3,4,9,3,9,6,6,2,5,1,10,3,7,9,5,8,4,5,2,2,4,10,1,11,5,8,6,7,4,2,3,4,6,3,7,5,3,4,2,10,8,6,6,9,8,6,6,7,9,11,9,5,9,3,4,4,4,5,10,11,9,4,8,9,7,10,8,6,6,8,4,11,0,7,7,7,8,5,4,12,7,9,8,3,8,5,7,8,10,6,3,9,5,5,4,6,6,6,4,6,8,7,3,10,5,4,7,7,1,7,4,3,4,7,5,5,4,3,2,9,4,8,5,4,7,4,3,7,5,5,8,4,3,5,2,4,5,8,358,364,429,325,387,266,350,320,418,412,431,386,382,444,380,406,349,377,298,494,404,360,337,357,412,330,295,326,144,159,204,108,197,178,126,205,175,220,193,146,181,180,118,218,190,254,184,100,154,199,187,174,226,178,173,184,172,206,166,129,231,145,182,224,177,153,194,164,184,165,97,114,198,140,174,182,207,168,189,189,137,218,207,127,179,192,211,174,118,231,241,166,163,130,189,227,152,175,87,184,192,204,136,199,215,150,134,154,175,184,154,208,206,144,197,160,262,168,119,124,176,122,134,169,209,165,199,182,161,206,136,172,163,222,186,153,175,182,197,151,150,148,183,207,230,169,160,166,143,172,167,158,182,145,231,232,210,229,179,131,249,191,169,142,177,192,166,163,185,178,238,298,153,149,149,95,191,206,128,131,200,208,206,166,111,190,162,174,169,150,164,199,187,185,151,188,155,157,202,215,206,180,209,171,183,154,160,138,227,230,201,159,152,103,116,175,172,164,185,173,103,130,175,155,169,164,161,162,196,174,174,212,174,126,199,169,200,182,206,207,190,199,218,178,187,138,205,101,276,182,207,128,223,198,227,195,128,122,231,198,156,211,208,124,156,190,157,127,160,139,154,177,149,190,185,135,227,148,171,158,150,202,182,169,105,189,201,223,221,145,167,168,157,187,200,189,170,193,175,167,113,149,180,170,216,145,137,196,164,175,106,122,219,194,199,177,162,205,141,177,229,238,166,167,162,190,204,207,211,177,126,173,128,165,195,135,148,119,200,196,155,181,129,209,204,151,176,200,158,150,139,143,166,193,170,107,206,217,168,149,162,140,145,249,213,192,181,201,171,211,188,173,137,199,187,121,144,167,183,117,164,169,178,146,124,155,184,198,190,156,244,202,189,176,187,150,226,166,227,191,181,206,215,159,177,209,194,183,215,203,255,153,190,91,155,236,159,253,174,171,191,107,162,134,109,160,162,222,168,158,228,128,158,138,151,216,173,145,162,110,164,126,140,202,176,189,215,188,125,197,132,232,109,159,241,170,195,162,235,234,145,171,183,163,200,213,154,173,213,130,175,237,100,149,146,193,146,236,156,183,167,201,203,213,180,133,129,172,186,229,179,196,199,129,164,150,251,161,157
58,50,59,65,55,58,63,56,52,43,57,64,61,53,57,57,54,45,61,63,56,23,21,23,20,21,21,21,20,21,21,24,17,23,22,24,21,21,21,21,23,22,23,22,22,21,22,22,20,22,20,20,22,24,22,22,21,22,22,20,22,21,23,21,22,23,21,21,7,7,6,5,8,7,8,8,8,8,7,7,7,7,7,8,7,5,8,7,7,7,7,8,7,8,8,7,7,7,7,6,7,8,7,7,8,7,7,7,7,7,7,7,7,7,7,7,6,7,5,7,8,6,7,7,8,8,7,7,7,8,7,8,8,8,7,6,7,7,7,8,8,8,7,7,8,7,8,8,8,7,7,7,8,7,8,7,7,8,7,7,8,7,7,7,7,8,8,6,8,8,7,7,7,7,7,7,8,7,8,7,6,8,7,7,8,6,7,7,8,6,8,6,7,7,8,8,8,7,7,7,8,7,8,8,7,6,7,7,8,7,6,7,7,7,7,7,7,7,8,308,296,327,315,248,296,304,262,261,294,323,290,273,324,291,320,316,297,311,304,311,232,233,332,278,276,269,240,196,186,196,181,183,187,178,204,205,200,202,193,170,185,178,198,207,213,141,185,158,180,196,205,181,200,146,181,166,198,198,177,205,191,194,198,190,196,195,197,188,180,174,181,197,187,181,191,196,185,144,193,193,206,204,185,198,200,197,162,191,209,199,192,191,178,199,187,182,147,175,187,188,203,138,194,206,198,177,191,198,201,191,198,204,200,201,194,215,197,195,183,196,186,194,165,204,198,193,189,189,185,197,198,177,192,193,198,197,197,192,197,187,191,198,192,189,184,184,184,193,194,196,145,193,198,186,201,186,204,172,179,203,157,191,188,196,201,182,196,190,179,208,215,200,192,186,176,188,185,197,192,202,209,191,189,192,192,196,180,196,195,177,194,188,203,177,195,187,158,201,199,154,195,201,183,138,178,197,177,204,201,195,196,196,194,177,185,142,192,183,192,194,157,195,161,202,202,194,134,194,192,197,189,191,193,195,182,188,138,191,184,197,190,188,151,198,190,186,185,195,205,196,187,201,191,205,179,187,191,210,157,182,207,203,141,186,202,193,175,191,190,197,199,184,203,181,132,191,194,150,146,177,195,174,177,148,193,190,200,173,177,198,195,182,194,189,187,201,205,153,191,177,198,196,189,199,178,187,181,197,187,177,184,198,201,190,139,176,196,197,198,192,199,202,204,192,193,141,198,189,201,190,186,192,202,193,183,173,190,208,185,201,200,191,190,191,180,195,182,198,165,175,192,198,199,193,184,186,195,190,196,196,186,188,199,196,170,185,205,184,193,188,188,179,195,191,162,190,204,193,194,199,197,184,199,190,184,204,208,195,189,203,188,193,181,180,190,189,179,206,192,192,196,209,201,179,202,186,140,202,200,191,175,205,162,184,190,187,203,182,148,194,181,177,183,193,173,196,202,178,196,197,187,191,188,156,159,190,197,197,192,195,185,177,190,205,194,199,189,185,207,145,200,187,178,191,191,203,142,204,188,185,137,187,201,150,198,194,154,192,186,184,190,188,184,176,173,177,203,195,190,142,140,198,194,197,198,174,195,190,200,185,189,208,194,194,185,191,200,196
72,64,73,83,66,72,80,70,64,52,71,81,75,64,70,70,65,56,76,81,70,44,38,44,36,39,40,37,39,36,40,48,35,41,44,45,39,37,37,38,45,41,44,37,39,39,38,40,37,42,35,36,40,45,36,40,39,40,40,37,43,41,44,37,41,45,39,40,7,7,6,6,8,7,7,8,8,8,7,8,8,7,7,9,7,6,8,8,7,7,7,9,7,8,8,8,8,7,7,6,7,8,8,7,9,7,8,7,8,7,6,6,7,8,7,8,6,7,6,7,9,7,7,8,9,8,8,7,7,8,8,9,8,9,7,6,7,7,7,8,9,8,7,8,8,8,8,8,8,7,8,7,9,7,8,8,8,9,7,7,9,8,7,8,6,8,8,7,8,9,8,7,8,8,8,7,8,8,8,7,7,8,7,6,8,7,7,7,8,5,8,6,7,7,8,8,8,7,7,7,9,7,8,8,8,6,7,7,8,7,7,8,7,6,7,6,7,7,9,323,311,349,323,275,302,314,288,296,326,341,312,307,353,315,337,328,324,313,343,334,270,262,351,308,298,286,262,183,182,193,166,181,182,169,205,202,199,196,186,168,187,169,197,206,221,150,169,159,184,190,202,187,194,149,178,170,195,195,169,206,182,190,205,189,185,191,193,183,173,161,168,198,180,177,186,197,178,150,189,179,207,200,177,191,195,196,163,177,214,208,186,188,171,198,190,172,153,155,183,185,200,134,197,206,188,168,183,191,194,181,196,201,192,202,188,226,188,182,170,193,170,179,161,201,188,194,187,186,187,187,189,171,195,188,186,194,196,193,187,177,179,191,193,193,178,176,182,181,192,192,144,189,191,190,208,186,205,176,167,208,158,189,183,189,196,178,191,189,176,212,226,193,185,180,157,184,187,187,177,198,211,189,181,176,193,187,174,193,182,171,193,185,201,170,190,178,154,198,198,161,192,198,183,143,171,186,169,204,203,198,192,184,178,167,186,150,186,180,185,179,151,190,159,197,198,188,135,191,184,189,189,184,177,192,180,186,143,189,185,196,188,196,154,192,181,187,171,207,202,195,176,204,194,205,180,179,175,212,160,173,208,200,139,178,196,185,165,181,177,186,197,180,201,178,128,198,188,152,150,168,198,172,177,140,189,194,201,178,170,195,187,177,191,193,183,191,204,159,183,162,188,192,187,200,170,175,181,187,180,166,169,197,196,190,144,175,194,188,189,201,202,198,200,185,195,150,197,195,198,179,180,177,197,195,171,165,173,208,189,193,193,176,195,192,173,190,181,191,157,164,185,188,200,184,167,190,201,182,183,192,178,176,207,196,175,180,205,184,192,190,186,171,193,191,153,179,199,186,180,194,189,183,191,179,181,202,208,192,179,208,192,195,177,177,179,192,172,207,191,192,200,212,195,174,199,186,149,203,201,198,168,204,150,175,195,183,208,179,150,189,170,171,170,177,167,192,207,172,185,203,173,182,175,156,166,188,183,192,178,184,171,171,188,202,190,197,185,176,208,139,202,174,171,201,182,198,141,205,192,179,139,183,195,161,196,188,160,192,178,181,194,168,174,168,179,168,210,185,190,144,148,199,199,194,186,163,192,186,202,185,188,209,182,190,176,198,194,191
110,100,109,130,94,109,123,106,95,76,108,125,112,94,104,105,95,84,116,125,105,60,49,61,46,52,53,46,58,43,55,70,52,52,64,64,54,49,48,52,65,54,62,44,50,53,46,54,48,57,43,45,51,63,42,51,52,54,54,48,62,57,61,47,57,64,52,54,5,5,5,5,7,5,5,6,6,6,6,6,6,5,5,7,5,6,6,6,4,6,5,8,5,6,7,6,7,5,5,4,5,6,7,4,7,6,6,5,6,5,4,4,5,6,5,6,5,5,4,5,7,6,6,6,7,7,6,6,6,7,7,7,6,7,5,5,5,5,5,7,8,7,5,6,7,6,7,6,6,6,6,5,8,4,6,6,6,7,5,5,7,6,6,6,4,7,6,5,7,7,6,5,7,6,6,5,6,6,6,5,5,6,6,4,7,5,5,6,6,4,6,5,5,5,6,6,6,5,5,4,7,5,7,6,6,5,5,5,7,5,5,6,5,4,5,4,5,5,7,343,335,389,332,298,312,331,301,342,340,375,324,331,399,324,365,343,340,322,375,365,299,283,370,330,299,292,288,167,181,191,149,181,176,160,208,198,198,190,180,165,189,160,198,204,230,162,149,162,191,183,197,197,189,154,175,174,192,190,162,207,170,187,214,189,173,186,188,178,166,147,152,200,174,170,182,199,170,157,184,164,207,196,168,186,190,197,166,162,219,221,180,185,163,197,195,163,160,133,178,183,195,131,202,205,177,158,174,181,186,168,193,197,183,204,182,238,178,169,155,191,153,163,160,197,176,198,184,184,191,175,180,165,196,183,172,195,198,197,177,167,165,186,196,196,171,169,178,167,188,190,145,181,183,199,217,187,207,181,153,212,163,188,174,182,189,172,189,184,172,218,239,184,177,175,136,180,191,176,162,195,209,189,174,158,192,176,170,188,169,165,196,180,197,161,182,168,151,193,196,166,187,198,184,149,163,174,160,205,202,203,187,170,161,155,187,160,179,176,179,164,146,184,156,195,193,183,139,187,178,181,191,178,159,189,179,186,150,189,187,198,185,207,160,187,174,184,156,217,202,193,162,205,198,206,182,168,157,214,167,166,211,197,137,167,187,176,155,170,161,173,195,174,201,175,126,207,182,157,158,159,199,170,179,129,184,199,200,185,164,190,178,175,190,198,181,179,202,169,173,145,176,187,185,198,163,161,182,178,174,155,153,199,190,192,152,173,191,179,182,212,207,194,193,179,198,160,199,200,194,172,173,162,190,199,155,159,155,209,193,185,185,160,202,194,165,184,183,187,152,153,178,177,203,176,146,196,210,175,169,188,170,164,215,196,180,177,206,185,191,192,186,159,189,192,144,165,194,181,167,189,180,185,180,165,178,202,208,187,169,210,195,197,173,176,166,194,167,205,188,190,205,216,187,172,198,185,161,203,204,207,160,205,136,165,199,180,214,176,153,185,158,165,155,157,160,188,212,167,174,211,157,171,161,158,175,186,167,187,163,176,155,167,187,198,186,196,179,166,208,132,204,160,165,213,175,190,143,210,198,173,142,178,188,176,195,180,166,194,170,177,199,147,163,159,188,156,218,174,191,144,158,204,204,193,175,151,193,180,205,185,190,209,173,185,164,205,188,185
159,148,154,192,126,156,180,151,133,103,156,183,159,129,147,147,130,119,166,185,150,61,46,62,42,51,52,39,65,35,56,78,58,48,71,67,54,47,43,51,71,53,63,34,44,53,39,54,46,57,35,41,46,65,32,46,51,54,53,45,66,59,61,40,58,68,50,53,4,5,6,7,8,5,5,6,7,5,6,7,6,4,5,8,5,7,7,6,3,5,3,9,4,7,8,6,8,4,5,3,4,6,8,3,9,6,7,5,6,5,3,3,5,6,4,6,6,4,4,3,9,6,6,7,8,7,7,6,6,8,9,8,5,8,4,4,5,5,5,8,10,7,5,7,7,6,8,7,6,6,7,4,9,3,6,7,7,8,5,5,9,7,8,7,3,8,6,6,8,9,7,5,8,6,6,5,6,6,7,4,6,7,6,4,8,6,5,7,7,3,6,5,4,4,6,5,5,5,5,3,8,4,7,6,5,6,5,4,7,5,5,7,5,3,5,4,4,5,8,332,341,407,311,342,287,324,323,387,375,386,352,374,423,350,367,338,372,292,433,370,349,324,368,371,311,311,304,148,177,190,127,182,169,149,212,196,202,184,172,166,194,148,201,207,250,180,123,168,202,177,195,212,183,164,174,183,192,188,152,214,157,184,230,190,158,183,185,176,157,127,132,206,166,167,176,204,162,169,180,142,212,194,156,177,184,199,170,139,232,242,172,184,153,200,205,150,173,102,175,182,192,126,211,211,162,145,163,172,177,153,194,197,172,210,177,261,165,149,133,191,129,140,157,196,163,206,183,181,198,160,169,156,203,177,154,195,200,203,163,152,148,177,201,206,163,159,179,147,185,188,146,176,173,211,232,192,213,190,135,224,170,188,167,172,183,169,185,184,167,228,264,174,168,168,107,179,199,161,138,193,216,190,163,132,197,163,164,186,151,157,198,176,197,151,178,154,148,190,198,181,183,198,188,161,153,159,148,209,209,212,182,153,137,142,191,177,171,173,171,141,136,180,156,191,189,176,144,185,169,170,195,168,134,187,180,186,162,191,192,200,184,223,169,180,162,190,134,242,201,193,144,215,206,211,188,157,132,223,175,153,219,195,137,157,181,166,140,157,141,158,196,171,203,173,124,225,174,165,168,146,208,170,184,116,178,210,204,198,153,187,167,172,188,210,179,167,205,181,163,121,161,183,184,203,153,141,185,166,167,139,129,203,185,196,165,174,191,166,171,232,217,189,190,170,204,179,203,213,192,158,167,138,185,208,137,146,127,215,202,176,175,135,216,200,157,180,186,179,143,140,170,164,208,165,118,208,224,164,150,185,161,146,233,199,194,171,210,187,194,200,186,148,187,195,132,149,191,174,148,183,169,189,169,148,176,203,214,183,155,222,206,203,170,175,152,203,158,209,189,193,216,227,180,167,196,190,178,210,211,225,150,208,119,153,212,176,228,174,157,180,141,157,137,131,153,184,225,160,158,228,136,159,141,162,191,186,147,183,140,163,133,160,187,197,183,200,176,154,213,124,211,140,156,235,165,185,145,216,210,166,150,174,183,199,197,173,181,199,159,175,212,116,147,146,201,143,234,159,194,149,173,211,216,194,160,134,193,176,213,189,193,214,156,181,152,222,181,181
195,185,185,238,144,188,223,183,159,121,189,225,191,150,176,176,153,143,203,231,182,62,43,63,38,50,51,33,71,27,57,85,64,45,76,70,55,46,39,51,77,51,65,26,39,53,33,53,44,56,29,37,42,67,23,41,49,53,53,43,69,62,62,35,59,72,49,53,3,5,7,8,10,4,4,6,7,5,6,7,6,3,4,9,3,9,7,6,1,5,2,11,3,7,9,6,9,3,4,2,2,5,10,1,10,6,8,5,6,5,1,2,5,6,2,7,6,2,4,2,10,7,6,7,9,7,7,7,6,10,11,9,4,9,2,3,4,4,5,9,12,8,4,7,8,6,9,7,6,7,7,3,11,1,6,8,7,8,4,5,11,8,9,8,2,9,5,7,8,11,7,4,9,6,6,5,6,6,7,3,6,7,7,2,9,6,5,8,7,2,6,4,3,3,6,4,4,4,4,1,9,3,8,6,5,7,5,3,8,5,5,8,5,2,4,2,3,5,9,343,366,450,310,376,283,340,338,444,401,418,371,408,472,368,390,351,392,286,480,394,386,357,386,400,315,322,328,131,174,189,106,182,164,139,217,195,206,179,165,167,199,137,204,210,268,197,99,173,213,172,194,226,178,173,173,191,192,186,142,220,144,182,245,191,144,180,183,172,151,110,113,210,160,163,171,208,154,180,177,122,217,192,146,170,178,203,173,117,244,261,165,182,144,203,213,137,187,73,172,181,190,124,219,214,149,133,154,163,169,140,195,197,163,217,171,283,153,132,112,190,107,119,154,195,151,213,182,181,206,147,159,148,209,171,139,195,202,209,151,138,132,168,208,216,155,151,180,131,183,186,147,171,165,223,246,196,219,199,118,235,176,189,161,163,178,166,183,185,163,238,286,166,160,162,79,176,206,147,116,191,222,192,152,109,201,150,160,183,134,149,200,173,196,141,174,140,145,188,201,194,180,197,190,172,144,145,138,213,216,221,178,136,116,129,194,191,164,171,165,121,129,175,155,188,184,171,147,182,160,160,198,159,111,185,180,187,172,192,197,203,185,238,178,175,152,194,114,264,201,193,127,222,212,216,195,147,110,231,184,141,225,194,136,147,176,157,126,145,124,144,198,168,204,171,122,241,167,171,178,135,216,170,189,103,175,222,209,210,145,186,156,170,187,220,177,156,207,194,153,98,148,180,184,207,144,122,187,155,160,126,107,206,180,200,177,174,191,154,162,250,225,186,187,161,210,195,207,224,189,146,160,118,179,215,120,136,104,220,210,168,167,113,228,204,150,175,188,172,135,127,162,152,214,155,91,217,237,154,134,182,153,130,250,202,206,166,215,190,198,207,186,137,185,199,119,134,187,168,129,177,159,192,160,133,174,204,218,181,144,233,215,209,167,175,137,212,151,214,192,196,227,235,172,162,195,194,195,216,218,242,140,211,103,143,223,173,240,172,161,177,125,150,122,107,146,182,237,153,143,243,117,148,123,164,205,186,129,180,120,149,111,153,188,197,179,204,174,143,217,116,218,122,149,253,155,180,147,223,220,158,156,171,176,220,199,167,192,205,148,175,224,87,134,135,213,131,247,146,197,154,187,217,227,194,147,119,192,172,220,193,196,220,142,177,140,238,175,176
72,64,73,83,66,72,80,70,64,52,71,81,75,64,70,70,65,56,76,81,70,44,38,44,36,39,40,37,39,36,40,48,35,41,44,45,39,37,37,38,45,41,44,37,39,39,38,40,37,42,35,36,40,45,36,40,39,40,40,37,43,41,44,37,41,45,39,40,7,7,6,6,8,7,7,8,8,8,7,8,8,7,7,9,7,6,8,8,7,7,7,9,7,8,8,8,8,7,7,6,7,8,8,7,9,7,8,7,8,7,6,6,7,8,7,8,6,7,6,7,9,7,7,8,9,8,8,7,7,8,8,9,8,9,7,6,7,7,7,8,9,8,7,8,8,8,8,8,8,7,8,7,9,7,8,8,8,9,7,7,9,8,7,8,6,8,8,7,8,9,8,7,8,8,8,7,8,8,8,7,7,8,7,6,8,7,7,7,8,5,8,6,7,7,8,8,8,7,7,7,9,7,8,8,8,6,7,7,8,7,7,8,7,6,7,6,7,7,9,323,311,349,323,275,302,314,288,296,326,341,312,307,353,315,337,328,324,313,343,334,270,262,351,308,298,286,262,183,182,193,166,181,182,169,205,202,199,196,186,168,187,169,197,206,221,150,169,159,184,190,202,187,194,149,178,170,195,195,169,206,182,190,205,189,185,191,193,183,173,161,168,198,180,177,186,197,178,150,189,179,207,200,177,191,195,196,163,177,214,208,186,188,171,198,190,172,153,155,183,185,200,134,197,206,188,168,183,191,194,181,196,201,192,202,188,226,188,182,170,193,170,179,161,201,188,194,187,186,187,187,189,171,195,188,186,194,196,193,187,177,179,191,193,193,178,176,182,181,192,192,144,189,191,190,208,186,205,176,167,208,158,189,183,189,196,178,191,189,176,212,226,193,185,180,157,184,187,187,177,198,211,189,181,176,193,187,174,193,182,171,193,185,201,170,190,178,154,198,198,161,192,198,183,143,171,186,169,204,203,198,192,184,178,167,186,150,186,180,185,179,151,190,159,197,198,188,135,191,184,189,189,184,177,192,180,186,143,189,185,196,188,196,154,192,181,187,171,207,202,195,176,204,194,205,180,179,175,212,160,173,208,200,139,178,196,185,165,181,177,186,197,180,201,178,128,198,188,152,150,168,198,172,177,140,189,194,201,178,170,195,187,177,191,193,183,191,204,159,183,162,188,192,187,200,170,175,181,187,180,166,169,197,196,190,144,175,194,188,189,201,202,198,200,185,195,150,197,195,198,179,180,177,197,195,171,165,173,208,189,193,193,176,195,192,173,190,181,191,157,164,185,188,200,184,167,190,201,182,183,192,178,176,207,196,175,180,205,184,192,190,186,171,193,191,153,179,199,186,180,194,189,183,191,179,181,202,208,192,179,208,192,195,177,177,179,192,172,207,191,192,200,212,195,174,199,186,149,203,201,198,168,204,150,175,195,183,208,179,150,189,170,171,170,177,167,192,207,172,185,203,173,182,175,156,166,188,183,192,178,184,171,171,188,202,190,197,185,176,208,139,202,174,171,201,182,198,141,205,192,179,139,183,195,161,196,188,160,192,178,181,194,168,174,168,179,168,210,185,190,144,148,199,199,194,186,163,192,186,202,185,188,209,182,190,176,198,194,191
110,100,109,130,94,109,123,106,95,76,108,125,112,94,104,105,95,84,116,125,105,60,49,61,46,52,53,46,58,43,55,70,52,52,64,64,54,49,48,52,65,54,62,44,50,53,46,54,48,57,43,45,51,63,42,51,52,54,54,48,62,57,61,47,57,64,52,54,5,5,5,5,7,5,5,6,6,6,6,6,6,5,5,7,5,6,6,6,4,6,5,8,5,6,7,6,7,5,5,4,5,6,7,4,7,6,6,5,6,5,4,4,5,6,5,6,5,5,4,5,7,6,6,6,7,7,6,6,6,7,7,7,6,7,5,5,5,5,5,7,8,7,5,6,7,6,7,6,6,6,6,5,8,4,6,6,6,7,5,5,7,6,6,6,4,7,6,5,7,7,6,5,7,6,6,5,6,6,6,5,5,6,6,4,7,5,5,6,6,4,6,5,5,5,6,6,6,5,5,4,7,5,7,6,6,5,5,5,7,5,5,6,5,4,5,4,5,5,7,343,335,389,332,298,312,331,301,342,340,375,324,331,399,324,365,343,340,322,375,365,299,283,370,330,299,292,288,167,181,191,149,181,176,160,208,198,198,190,180,165,189,160,198,204,230,162,149,162,191,183,197,197,189,154,175,174,192,190,162,207,170,187,214,189,173,186,188,178,166,147,152,200,174,170,182,199,170,157,184,164,207,196,168,186,190,197,166,162,219,221,180,185,163,197,195,163,160,133,178,183,195,131,202,205,177,158,174,181,186,168,193,197,183,204,182,238,178,169,155,191,153,163,160,197,176,198,184,184,191,175,180,165,196,183,172,195,198,197,177,167,165,186,196,196,171,169,178,167,188,190,145,181,183,199,217,187,207,181,153,212,163,188,174,182,189,172,189,184,172,218,239,184,177,175,136,180,191,176,162,195,209,189,174,158,192,176,170,188,169,165,196,180,197,161,182,168,151,193,196,166,187,198,184,149,163,174,160,205,202,203,187,170,161,155,187,160,179,176,179,164,146,184,156,195,193,183,139,187,178,181,191,178,159,189,179,186,150,189,187,198,185,207,160,187,174,184,156,217,202,193,162,205,198,206,182,168,157,214,167,166,211,197,137,167,187,176,155,170,161,173,195,174,201,175,126,207,182,157,158,159,199,170,179,129,184,199,200,185,164,190,178,175,190,198,181,179,202,169,173,145,176,187,185,198,163,161,182,178,174,155,153,199,190,192,152,173,191,179,182,212,207,194,193,179,198,160,199,200,194,172,173,162,190,199,155,159,155,209,193,185,185,160,202,194,165,184,183,187,152,153,178,177,203,176,146,196,210,175,169,188,170,164,215,196,180,177,206,185,191,192,186,159,189,192,144,165,194,181,167,189,180,185,180,165,178,202,208,187,169,210,195,197,173,176,166,194,167,205,188,190,205,216,187,172,198,185,161,203,204,207,160,205,136,165,199,180,214,176,153,185,158,165,155,157,160,188,212,167,174,211,157,171,161,158,175,186,167,187,163,176,155,167,187,198,186,196,179,166,208,132,204,160,165,213,175,190,143,210,198,173,142,178,188,176,195,180,166,194,170,177,199,147,163,159,188,156,218,174,191,144,158,204,204,193,175,151,193,180,205,185,190,209,173,185,164,205,188,185
159,148,154,192,126,156,180,151,133,103,156,183,159,129,147,147,130,119,166,185,150,61,46,62,42,51,52,39,65,35,56,78,58,48,71,67,54,47,43,51,71,53,63,34,44,53,39,54,46,57,35,41,46,65,32,46,51,54,53,45,66,59,61,40,58,68,50,53,4,5,6,7,8,5,5,6,7,5,6,7,6,4,5,8,5,7,7,6,3,5,3,9,4,7,8,6,8,4,5,3,4,6,8,3,9,6,7,5,6,5,3,3,5,6,4,6,6,4,4,3,9,6,6,7,8,7,7,6,6,8,9,8,5,8,4,4,5,5,5,8,10,7,5,7,7,6,8,7,6,6,7,4,9,3,6,7,7,8,5,5,9,7,8,7,3,8,6,6,8,9,7,5,8,6,6,5,6,6,7,4,6,7,6,4,8,6,5,7,7,3,6,5,4,4,6,5,5,5,5,3,8,4,7,6,5,6,5,4,7,5,5,7,5,3,5,4,4,5,8,332,341,407,311,342,287,324,323,387,375,386,352,374,423,350,367,338,372,292,433,370,349,324,368,371,311,311,304,148,177,190,127,182,169,149,212,196,202,184,172,166,194,148,201,207,250,180,123,168,202,177,195,212,183,164,174,183,192,188,152,214,157,184,230,190,158,183,185,176,157,127,132,206,166,167,176,204,162,169,180,142,212,194,156,177,184,199,170,139,232,242,172,184,153,200,205,150,173,102,175,182,192,126,211,211,162,145,163,172,177,153,194,197,172,210,177,261,165,149,133,191,129,140,157,196,163,206,183,181,198,160,169,156,203,177,154,195,200,203,163,152,148,177,201,206,163,159,179,147,185,188,146,176,173,211,232,192,213,190,135,224,170,188,167,172,183,169,185,184,167,228,264,174,168,168,107,179,199,161,138,193,216,190,163,132,197,163,164,186,151,157,198,176,197,151,178,154,148,190,198,181,183,198,188,161,153,159,148,209,209,212,182,153,137,142,191,177,171,173,171,141,136,180,156,191,189,176,144,185,169,170,195,168,134,187,180,186,162,191,192,200,184,223,169,180,162,190,134,242,201,193,144,215,206,211,188,157,132,223,175,153,219,195,137,157,181,166,140,157,141,158,196,171,203,173,124,225,174,165,168,146,208,170,184,116,178,210,204,198,153,187,167,172,188,210,179,167,205,181,163,121,161,183,184,203,153,141,185,166,167,139,129,203,185,196,165,174,191,166,171,232,217,189,190,170,204,179,203,213,192,158,167,138,185,208,137,146,127,215,202,176,175,135,216,200,157,180,186,179,143,140,170,164,208,165,118,208,224,164,150,185,161,146,233,199,194,171,210,187,194,200,186,148,187,195,132,149,191,174,148,183,169,189,169,148,176,203,214,183,155,222,206,203,170,175,152,203,158,209,189,193,216,227,180,167,196,190,178,210,211,225,150,208,119,153,212,176,228,174,157,180,141,157,137,131,153,184,225,160,158,228,136,159,141,162,191,186,147,183,140,163,133,160,187,197,183,200,176,154,213,124,211,140,156,235,165,185,145,216,210,166,150,174,183,199,197,173,181,199,159,175,212,116,147,146,201,143,234,159,194,149,173,211,216,194,160,134,193,176,213,189,193,214,156,181,152,222,181,181
195,185,185,238,144,188,223,183,159,121,189,225,191,150,176,176,153,143,203,231,182,62,43,63,38,50,51,33,71,27,57,85,64,45,76,70,55,46,39,51,77,51,65,26,39,53,33,53,44,56,29,37,42,67,23,41,49,53,53,43,69,62,62,35,59,72,49,53,3,5,7,8,10,4,4,6,7,5,6,7,6,3,4,9,3,9,7,6,1,5,2,11,3,7,9,6,9,3,4,2,2,5,10,1,10,6,8,5,6,5,1,2,5,6,2,7,6,2,4,2,10,7,6,7,9,7,7,7,6,10,11,9,4,9,2,3,4,4,5,9,12,8,4,7,8,6,9,7,6,7,7,3,11,1,6,8,7,8,4,5,11,8,9,8,2,9,5,7,8,11,7,4,9,6,6,5,6,6,7,3,6,7,7,2,9,6,5,8,7,2,6,4,3,3,6,4,4,4,4,1,9,3,8,6,5,7,5,3,8,5,5,8,5,2,4,2,3,5,9,343,366,450,310,376,283,340,338,444,401,418,371,408,472,368,390,351,392,286,480,394,386,357,386,400,315,322,328,131,174,189,106,182,164,139,217,195,206,179,165,167,199,137,204,210,268,197,99,173,213,172,194,226,178,173,173,191,192,186,142,220,144,182,245,191,144,180,183,172,151,110,113,210,160,163,171,208,154,180,177,122,217,192,146,170,178,203,173,117,244,261,165,182,144,203,213,137,187,73,172,181,190,124,219,214,149,133,154,163,169,140,195,197,163,217,171,283,153,132,112,190,107,119,154,195,151,213,182,181,206,147,159,148,209,171,139,195,202,209,151,138,132,168,208,216,155,151,180,131,183,186,147,171,165,223,246,196,219,199,118,235,176,189,161,163,178,166,183,185,163,238,286,166,160,162,79,176,206,147,116,191,222,192,152,109,201,150,160,183,134,149,200,173,196,141,174,140,145,188,201,194,180,197,190,172,144,145,138,213,216,221,178,136,116,129,194,191,164,171,165,121,129,175,155,188,184,171,147,182,160,160,198,159,111,185,180,187,172,192,197,203,185,238,178,175,152,194,114,264,201,193,127,222,212,216,195,147,110,231,184,141,225,194,136,147,176,157,126,145,124,144,198,168,204,171,122,241,167,171,178,135,216,170,189,103,175,222,209,210,145,186,156,170,187,220,177,156,207,194,153,98,148,180,184,207,144,122,187,155,160,126,107,206,180,200,177,174,191,154,162,250,225,186,187,161,210,195,207,224,189,146,160,118,179,215,120,136,104,220,210,168,167,113,228,204,150,175,188,172,135,127,162,152,214,155,91,217,237,154,134,182,153,130,250,202,206,166,215,190,198,207,186,137,185,199,119,134,187,168,129,177,159,192,160,133,174,204,218,181,144,233,215,209,167,175,137,212,151,214,192,196,227,235,172,162,195,194,195,216,218,242,140,211,103,143,223,173,240,172,161,177,125,150,122,107,146,182,237,153,143,243,117,148,123,164,205,186,129,180,120,149,111,153,188,197,179,204,174,143,217,116,218,122,149,253,155,180,147,223,220,158,156,171,176,220,199,167,192,205,148,175,224,87,134,135,213,131,247,146,197,154,187,217,227,194,147,119,192,172,220,193,196,220,142,177,140,238,175,176
58,50,59,66,55,58,63,57,52,43,57,64,61,53,57,57,54,45,61,64,56,24,21,23,20,21,21,21,19,21,22,24,17,22,22,24,21,21,21,20,23,22,23,22,23,21,22,21,20,23,20,20,22,23,22,22,21,21,22,20,22,21,23,21,22,23,22,21,7,7,6,5,7,7,8,8,8,8,7,7,8,7,7,8,8,5,7,7,7,7,7,8,7,8,8,8,7,7,7,6,7,8,7,7,8,7,7,7,7,7,7,7,7,7,7,7,6,7,5,7,8,6,7,7,8,8,7,7,7,8,7,8,8,8,7,6,7,7,7,8,8,8,7,7,8,7,8,7,8,7,7,7,8,7,8,7,7,8,7,7,8,7,7,7,7,8,8,6,8,8,7,7,7,7,7,7,8,7,8,7,6,7,7,7,8,6,7,7,8,6,8,6,7,7,8,8,8,7,7,7,8,7,8,8,7,6,7,7,8,7,6,7,7,7,7,7,7,7,8,307,298,333,314,249,304,307,268,260,293,322,290,272,322,289,320,319,297,308,303,311,233,239,331,276,275,266,242,194,190,194,182,182,186,182,203,203,199,201,191,169,183,176,196,205,218,145,186,156,185,194,204,182,201,147,178,164,197,196,182,204,193,196,196,194,196,194,197,186,179,179,183,196,184,180,190,198,185,144,192,192,207,203,185,199,200,198,163,192,207,197,194,188,183,203,186,181,145,173,186,186,202,136,192,208,199,178,193,196,199,189,198,204,198,199,192,215,196,199,182,200,185,193,163,203,196,197,191,187,186,195,196,176,192,192,197,195,195,190,198,186,190,197,193,188,184,184,188,192,193,195,144,192,198,187,206,184,203,170,178,202,155,189,188,196,200,184,194,192,178,210,214,205,190,191,174,187,186,195,191,202,213,190,188,193,190,195,179,200,193,176,195,187,202,178,194,187,156,201,198,152,196,199,183,136,179,196,179,203,200,193,195,195,199,182,183,140,194,182,192,194,159,196,163,201,200,192,133,193,191,196,189,190,191,194,181,188,139,190,185,201,189,186,152,196,194,184,190,194,202,195,188,202,196,204,180,187,190,211,156,181,212,202,145,186,201,194,176,190,189,198,196,183,207,180,130,196,192,152,144,175,199,173,176,150,192,188,199,171,178,196,194,186,195,186,185,199,209,151,191,176,199,198,193,200,179,186,183,197,186,174,183,197,201,191,139,181,195,201,197,189,198,201,201,193,192,141,199,194,200,189,185,193,207,193,181,171,189,206,190,205,199,190,188,192,181,196,181,202,162,173,191,197,197,192,183,184,195,189,194,194,190,187,200,195,173,184,209,183,192,186,192,181,194,190,164,191,202,191,199,204,198,188,204,189,182,202,206,197,187,202,193,191,181,178,188,188,178,206,194,196,195,206,206,177,201,187,138,203,205,189,174,203,167,182,189,191,202,183,148,192,181,175,181,195,171,193,207,177,195,201,188,192,187,160,157,194,196,197,191,194,184,182,189,203,194,196,187,185,206,144,198,191,179,189,190,202,139,204,187,189,135,186,205,150,197,198,154,192,184,185,189,185,183,176,172,176,201,196,194,140,138,202,199,201,201,174,194,188,200,189,190,206,198,199,185,190,205,196
73,65,74,84,66,73,80,71,64,52,72,82,76,65,71,71,66,56,77,82,70,46,38,43,36,39,40,38,38,36,41,47,34,40,45,47,39,38,38,38,44,40,44,36,41,38,37,39,36,43,35,36,40,44,38,40,38,39,42,36,43,40,43,37,43,44,41,39,7,7,6,6,8,7,8,8,8,8,8,8,8,7,7,9,8,6,8,8,7,7,7,9,7,8,8,8,8,7,7,6,7,8,8,7,9,8,8,7,8,7,6,6,7,8,7,8,7,7,6,7,9,7,7,7,9,8,8,8,7,8,8,9,7,9,7,6,8,7,7,8,9,8,7,8,8,8,8,8,8,7,8,7,9,7,8,8,8,8,7,7,9,8,8,8,6,8,8,7,9,9,8,7,8,7,8,7,8,8,8,7,7,8,7,6,8,6,7,8,8,6,8,6,7,7,8,7,7,7,7,7,9,7,8,8,7,7,7,7,9,7,6,8,7,6,7,7,7,7,9,321,314,361,320,278,314,315,299,297,322,339,310,306,348,314,338,332,321,309,342,336,271,273,350,306,294,281,266,181,190,191,167,179,180,177,201,199,197,194,182,166,182,164,195,202,230,157,171,154,192,188,198,190,197,152,174,165,193,191,177,203,184,193,201,196,185,189,192,181,171,169,171,194,177,174,183,199,177,150,186,176,209,198,176,193,192,197,165,179,210,204,188,183,179,206,189,170,149,153,180,182,197,131,193,209,191,170,186,187,192,178,194,203,188,198,184,226,185,190,166,201,168,177,158,200,186,203,189,182,190,183,186,168,192,185,184,191,192,190,190,174,177,190,195,190,176,177,190,178,188,192,141,186,190,192,216,185,203,171,164,206,155,185,182,188,193,180,187,190,173,215,224,201,181,189,155,183,189,183,175,200,218,187,178,177,189,184,173,201,180,169,196,182,197,171,188,175,151,196,197,157,193,196,182,139,171,184,171,203,201,194,188,181,187,175,182,145,188,177,186,178,153,192,161,197,193,185,133,188,182,187,188,181,174,190,177,184,143,187,187,204,186,192,156,190,189,183,179,204,198,192,177,206,202,202,183,177,173,215,158,170,217,198,146,179,195,188,166,179,175,187,192,179,209,175,126,206,184,155,146,165,206,170,176,141,187,190,199,176,172,190,184,186,193,188,180,190,212,155,182,159,190,194,194,201,172,172,182,189,178,162,166,196,194,193,146,182,191,196,188,197,199,194,196,188,191,150,200,203,194,179,177,179,206,194,168,161,172,204,196,201,191,174,191,195,176,192,179,198,155,162,184,186,195,183,164,187,201,181,181,188,187,175,209,193,183,177,212,180,190,186,194,173,190,188,155,180,195,185,189,202,190,192,198,175,177,198,204,193,177,205,200,190,177,174,176,189,171,205,193,200,199,208,202,172,198,188,145,205,210,197,164,200,158,171,192,191,206,181,150,187,170,167,167,179,164,188,215,170,182,212,174,183,173,164,162,196,181,191,174,183,168,179,186,198,191,195,183,176,204,136,199,182,173,197,181,196,138,204,190,187,137,181,203,160,194,195,158,193,174,184,193,164,172,168,178,166,206,186,198,140,144,206,206,202,194,164,191,184,203,193,191,205,190,198,177,197,202,190
111,101,110,131,95,111,124,107,96,76,109,126,114,95,105,106,96,84,117,127,107,64,51,60,47,53,54,47,57,43,59,70,51,52,68,68,52,51,49,51,65,53,60,42,53,51,45,52,47,60,42,46,52,62,46,50,51,53,57,47,60,56,59,46,61,63,56,52,5,5,5,5,7,5,6,6,7,6,6,6,6,5,5,7,6,5,6,6,4,5,5,8,5,7,7,6,6,5,5,4,5,6,7,4,7,6,6,5,6,5,4,4,5,6,5,6,5,5,4,5,7,6,6,6,7,6,6,6,6,7,7,8,5,7,4,4,6,6,5,7,8,7,5,6,7,6,7,6,6,6,6,5,8,5,6,6,6,7,5,6,7,6,6,6,4,7,6,5,7,7,6,6,7,6,6,6,6,6,6,5,5,6,6,4,7,5,6,7,7,4,6,4,5,5,6,5,5,5,5,4,8,5,6,6,5,6,6,5,7,5,5,6,6,4,5,5,5,5,7,340,340,409,328,301,328,333,317,342,336,370,321,329,392,320,363,349,336,316,373,367,299,300,371,324,296,285,294,163,192,188,152,178,172,173,202,191,195,186,174,162,183,153,195,198,244,174,152,155,202,179,190,201,193,156,170,168,189,183,174,203,174,192,207,200,174,183,186,174,162,159,155,195,168,166,177,204,168,158,180,160,212,193,166,187,186,199,169,165,214,215,183,178,175,210,191,160,154,128,174,177,192,125,195,210,180,161,178,177,182,164,190,198,177,198,177,237,175,181,150,204,149,159,157,194,173,210,188,177,195,169,175,162,193,179,167,188,191,191,180,161,161,182,200,192,168,171,191,162,183,188,139,177,182,200,230,183,202,175,149,209,160,181,173,179,186,176,182,188,168,221,236,195,171,187,132,178,195,170,158,197,222,186,171,161,187,171,167,200,166,162,200,176,192,162,180,165,147,190,193,162,190,193,183,143,164,171,163,202,199,197,180,167,173,168,180,153,183,172,180,162,149,187,160,194,187,177,135,184,174,178,188,174,155,186,173,183,150,185,189,211,181,200,163,182,186,179,168,214,195,189,166,210,210,202,186,166,152,218,163,162,224,193,149,169,185,180,158,167,157,175,189,172,214,172,121,221,175,161,151,156,211,165,178,132,180,192,196,180,167,184,174,187,194,192,176,176,215,162,171,141,178,189,198,200,166,157,184,179,171,148,149,195,188,196,155,186,189,191,179,206,204,187,188,182,191,161,203,212,189,169,168,163,202,198,152,153,152,203,206,197,181,157,196,198,169,188,177,199,148,149,177,174,197,172,142,191,209,172,166,181,183,160,219,191,192,174,219,178,188,187,198,163,185,186,147,167,187,177,180,202,182,198,193,159,171,196,202,188,164,205,208,191,174,172,161,191,163,202,191,202,203,210,199,168,194,189,154,207,216,205,155,199,149,160,196,192,211,179,153,181,157,160,151,160,156,181,226,163,170,225,159,172,157,169,171,198,163,185,158,174,152,179,183,192,188,192,176,164,202,128,201,172,166,208,173,187,138,206,195,186,138,174,201,175,192,193,165,195,163,180,196,142,158,160,186,153,212,176,203,139,154,216,217,206,187,152,192,176,206,197,194,203,185,198,165,203,201,184
162,151,157,195,128,160,184,154,137,105,158,186,163,131,149,151,133,121,170,189,153,67,48,60,43,52,53,41,63,35,62,77,57,47,76,73,52,49,44,50,70,50,62,32,49,50,37,51,44,62,34,42,47,64,38,45,48,51,59,43,63,58,59,39,64,67,56,51,4,5,6,6,8,4,6,6,8,5,7,6,6,5,4,8,5,7,6,6,3,5,4,9,5,8,8,7,7,4,5,2,5,5,8,3,9,7,7,5,6,5,3,3,4,6,4,6,6,3,4,3,8,6,6,6,9,7,6,7,6,8,9,9,5,8,3,4,6,5,5,8,11,7,4,7,7,6,8,6,6,6,6,4,9,4,6,7,7,7,5,6,9,7,8,7,3,8,6,6,8,9,6,6,8,6,6,6,6,7,6,4,5,6,6,4,8,5,6,8,7,4,6,4,5,4,6,5,5,4,5,3,9,4,7,6,5,7,6,4,8,5,5,7,6,3,4,4,4,5,9,327,351,436,307,346,312,330,351,390,370,381,349,376,417,344,364,347,365,285,432,376,350,350,370,364,307,299,312,140,196,185,131,177,164,167,205,186,198,179,162,160,185,137,196,198,271,200,127,157,222,171,186,218,189,169,167,173,187,178,171,208,161,190,221,209,160,178,184,168,152,146,136,198,157,159,168,210,157,171,173,136,219,189,154,180,179,202,175,143,225,234,178,174,171,220,200,145,166,92,168,175,188,118,201,216,167,149,169,164,172,147,189,199,162,202,167,261,160,167,124,210,122,133,151,191,158,225,189,172,205,150,162,151,198,172,148,186,190,195,169,144,142,171,208,201,158,161,198,140,178,187,138,168,172,214,253,186,206,180,127,220,164,179,165,168,178,174,176,190,162,235,260,193,159,186,100,175,206,150,132,196,236,185,157,136,189,155,159,204,146,151,204,172,188,152,174,149,139,187,194,174,189,191,185,153,155,153,153,204,205,202,172,146,155,159,181,166,177,167,173,138,142,185,161,190,179,168,137,179,164,165,190,163,127,183,170,182,163,186,195,220,180,214,175,173,181,182,152,238,191,188,148,221,225,204,195,154,123,229,170,147,238,191,155,158,177,171,144,152,135,160,187,169,222,168,116,246,164,170,158,141,227,163,182,120,174,202,199,192,158,178,159,191,194,200,171,161,225,172,158,114,166,188,203,205,157,135,188,167,160,128,123,197,180,202,170,193,186,185,166,224,212,180,180,175,195,181,209,232,184,156,159,140,204,205,131,139,123,205,222,196,170,129,207,206,163,185,178,198,137,131,167,159,199,159,110,200,223,157,145,175,180,140,240,193,213,165,230,177,189,191,206,152,182,186,136,151,179,169,165,202,171,208,189,140,166,193,204,185,147,216,225,193,171,169,143,198,152,206,196,212,215,217,198,160,192,195,170,216,231,223,142,198,137,145,207,196,223,179,159,176,138,149,130,135,146,174,245,155,151,248,138,161,135,180,184,205,141,182,131,156,126,178,183,188,184,194,171,152,204,117,206,158,157,226,159,180,139,212,205,185,144,167,201,197,192,193,178,201,148,181,207,107,141,148,200,138,226,161,214,142,168,230,236,213,179,135,191,170,215,208,199,205,175,201,153,218,201,178
200,189,190,245,148,194,229,188,165,123,194,231,198,154,180,181,158,147,208,237,187,70,45,60,40,50,52,35,68,28,65,84,62,43,84,77,51,47,41,49,76,48,63,23,46,49,29,49,41,64,26,39,43,65,30,40,46,50,60,40,66,60,59,33,67,70,56,50,2,4,6,8,9,4,5,6,8,4,7,7,6,4,3,9,4,8,6,6,1,4,3,10,4,9,8,7,8,3,4,1,3,4,9,1,10,7,7,5,5,5,1,1,4,5,2,6,7,2,4,2,9,7,6,6,10,7,6,8,6,9,11,11,4,10,1,2,6,5,4,9,13,8,3,7,8,6,8,6,6,6,6,2,10,2,6,7,7,8,4,6,11,7,9,7,2,8,6,7,9,11,7,5,8,5,5,6,5,7,6,3,5,6,6,2,9,5,6,9,7,3,6,3,4,3,6,4,4,3,4,1,11,2,7,5,4,7,6,3,9,4,4,7,6,1,4,3,2,4,10,338,380,489,303,385,317,348,372,449,394,414,368,410,465,360,387,365,383,277,480,404,388,391,388,396,309,307,341,121,199,183,111,176,157,163,207,182,200,173,151,159,187,122,199,198,296,223,103,160,239,165,181,235,186,180,162,178,186,172,166,212,150,190,233,218,146,172,180,162,142,133,118,200,145,152,161,216,148,183,168,114,227,185,142,173,171,206,181,122,235,251,172,170,168,229,208,131,175,60,162,171,184,112,206,223,156,139,160,152,162,130,187,201,149,204,160,283,146,155,100,216,97,110,146,188,142,239,190,167,213,134,149,140,203,164,131,182,189,199,157,127,124,161,216,211,148,153,204,119,171,184,136,161,161,227,273,190,210,185,107,230,169,176,158,157,171,172,169,191,155,248,283,191,148,187,70,171,214,132,107,194,249,185,144,114,191,140,152,208,128,140,208,166,184,142,167,134,134,182,196,185,187,189,188,162,147,137,143,207,210,209,165,128,139,153,182,178,171,164,167,116,135,182,162,186,172,159,140,174,153,153,192,152,101,180,169,181,175,186,201,229,177,226,184,165,176,185,137,260,189,186,133,232,238,207,202,144,98,240,177,133,252,188,160,148,169,163,132,136,115,146,185,166,230,164,110,269,153,179,164,127,242,160,185,109,167,210,202,202,151,173,145,195,195,208,168,148,233,181,147,90,154,186,209,211,150,113,190,157,152,110,98,200,173,207,184,201,184,179,154,239,220,172,173,168,198,199,214,252,179,141,151,119,205,214,111,125,96,208,236,193,160,104,217,213,157,183,178,197,127,115,159,144,202,147,81,208,236,145,126,168,177,123,260,193,233,159,241,177,190,194,212,143,179,188,126,136,173,160,153,203,162,218,183,120,161,192,206,184,133,226,241,196,168,166,127,206,143,209,200,221,225,223,197,154,190,202,184,225,244,239,130,198,126,133,218,198,235,180,164,169,121,139,111,111,137,168,264,145,134,271,117,149,115,189,196,213,120,178,107,141,103,178,181,184,183,195,167,139,205,108,212,145,151,244,148,173,139,217,215,184,149,162,202,218,192,192,190,208,134,182,218,74,126,138,212,124,239,147,222,144,181,244,254,220,171,120,189,165,224,218,203,207,165,202,141,234,200,174
73,65,74,84,66,73,80,71,64,52,72,82,76,65,71,71,66,56,77,82,70,46,38,43,36,39,40,38,38,36,41,47,34,40,45,47,39,38,38,38,44,40,44,36,41,38,37,39,36,43,35,36,40,44,38,40,38,39,42,36,43,40,43,37,43,44,41,39,7,7,6,6,8,7,8,8,8,8,8,8,8,7,7,9,8,6,8,8,7,7,7,9,7,8,8,8,8,7,7,6,7,8,8,7,9,8,8,7,8,7,6,6,7,8,7,8,7,7,6,7,9,7,7,7,9,8,8,8,7,8,8,9,7,9,7,6,8,7,7,8,9,8,7,8,8,8,8,8,8,7,8,7,9,7,8,8,8,8,7,7,9,8,8,8,6,8,8,7,9,9,8,7,8,7,8,7,8,8,8,7,7,8,7,6,8,6,7,8,8,6,8,6,7,7,8,7,7,7,7,7,9,7,8,8,7,7,7,7,9,7,6,8,7,6,7,7,7,7,9,321,314,361,320,278,314,315,299,297,322,339,310,306,348,314,338,332,321,309,342,336,271,273,350,306,294,281,266,181,190,191,167,179,180,177,201,199,197,194,182,166,182,164,195,202,230,157,171,154,192,188,198,190,197,152,174,165,193,191,177,203,184,193,201,196,185,189,192,181,171,169,171,194,177,174,183,199,177,150,186,176,209,198,176,193,192,197,165,179,210,204,188,183,179,206,189,170,149,153,180,182,197,131,193,209,191,170,186,187,192,178,194,203,188,198,184,226,185,190,166,201,168,177,158,200,186,203,189,182,190,183,186,168,192,185,184,191,192,190,190,174,177,190,195,190,176,177,190,178,188,192,141,186,190,192,216,185,203,171,164,206,155,185,182,188,193,180,187,190,173,215,224,201,181,189,155,183,189,183,175,200,218,187,178,177,189,184,173,201,180,169,196,182,197,171,188,175,151,196,197,157,193,196,182,139,171,184,171,203,201,194,188,181,187,175,182,145,188,177,186,178,153,192,161,197,193,185,133,188,182,187,188,181,174,190,177,184,143,187,187,204,186,192,156,190,189,183,179,204,198,192,177,206,202,202,183,177,173,215,158,170,217,198,146,179,195,188,166,179,175,187,192,179,209,175,126,206,184,155,146,165,206,170,176,141,187,190,199,176,172,190,184,186,193,188,180,190,212,155,182,159,190,194,194,201,172,172,182,189,178,162,166,196,194,193,146,182,191,196,188,197,199,194,196,188,191,150,200,203,194,179,177,179,206,194,168,161,172,204,196,201,191,174,191,195,176,192,179,198,155,162,184,186,195,183,164,187,201,181,181,188,187,175,209,193,183,177,212,180,190,186,194,173,190,188,155,180,195,185,189,202,190,192,198,175,177,198,204,193,177,205,200,190,177,174,176,189,171,205,193,200,199,208,202,172,198,188,145,205,210,197,164,200,158,171,192,191,206,181,150,187,170,167,167,179,164,188,215,170,182,212,174,183,173,164,162,196,181,191,174,183,168,179,186,198,191,195,183,176,204,136,199,182,173,197,181,196,138,204,190,187,137,181,203,160,194,195,158,193,174,184,193,164,172,168,178,166,206,186,198,140,144,206,206,202,194,164,191,184,203,193,191,205,190,198,177,197,202,190
111,101,110,131,95,111,124,107,96,76,109,126,114,95,105,106,96,84,117,127,107,64,51,60,47,53,54,47,57,43,59,70,51,52,68,68,52,51,49,51,65,53,60,42,53,51,45,52,47,60,42,46,52,62,46,50,51,53,57,47,60,56,59,46,61,63,56,52,5,5,5,5,7,5,6,6,7,6,6,6,6,5,5,7,6,5,6,6,4,5,5,8,5,7,7,6,6,5,5,4,5,6,7,4,7,6,6,5,6,5,4,4,5,6,5,6,5,5,4,5,7,6,6,6,7,6,6,6,6,7,7,8,5,7,4,4,6,6,5,7,8,7,5,6,7,6,7,6,6,6,6,5,8,5,6,6,6,7,5,6,7,6,6,6,4,7,6,5,7,7,6,6,7,6,6,6,6,6,6,5,5,6,6,4,7,5,6,7,7,4,6,4,5,5,6,5,5,5,5,4,8,5,6,6,5,6,6,5,7,5,5,6,6,4,5,5,5,5,7,340,340,409,328,301,328,333,317,342,336,370,321,329,392,320,363,349,336,316,373,367,299,300,371,324,296,285,294,163,192,188,152,178,172,173,202,191,195,186,174,162,183,153,195,198,244,174,152,155,202,179,190,201,193,156,170,168,189,183,174,203,174,192,207,200,174,183,186,174,162,159,155,195,168,166,177,204,168,158,180,160,212,193,166,187,186,199,169,165,214,215,183,178,175,210,191,160,154,128,174,177,192,125,195,210,180,161,178,177,182,164,190,198,177,198,177,237,175,181,150,204,149,159,157,194,173,210,188,177,195,169,175,162,193,179,167,188,191,191,180,161,161,182,200,192,168,171,191,162,183,188,139,177,182,200,230,183,202,175,149,209,160,181,173,179,186,176,182,188,168,221,236,195,171,187,132,178,195,170,158,197,222,186,171,161,187,171,167,200,166,162,200,176,192,162,180,165,147,190,193,162,190,193,183,143,164,171,163,202,199,197,180,167,173,168,180,153,183,172,180,162,149,187,160,194,187,177,135,184,174,178,188,174,155,186,173,183,150,185,189,211,181,200,163,182,186,179,168,214,195,189,166,210,210,202,186,166,152,218,163,162,224,193,149,169,185,180,158,167,157,175,189,172,214,172,121,221,175,161,151,156,211,165,178,132,180,192,196,180,167,184,174,187,194,192,176,176,215,162,171,141,178,189,198,200,166,157,184,179,171,148,149,195,188,196,155,186,189,191,179,206,204,187,188,182,191,161,203,212,189,169,168,163,202,198,152,153,152,203,206,197,181,157,196,198,169,188,177,199,148,149,177,174,197,172,142,191,209,172,166,181,183,160,219,191,192,174,219,178,188,187,198,163,185,186,147,167,187,177,180,202,182,198,193,159,171,196,202,188,164,205,208,191,174,172,161,191,163,202,191,202,203,210,199,168,194,189,154,207,216,205,155,199,149,160,196,192,211,179,153,181,157,160,151,160,156,181,226,163,170,225,159,172,157,169,171,198,163,185,158,174,152,179,183,192,188,192,176,164,202,128,201,172,166,208,173,187,138,206,195,186,138,174,201,175,192,193,165,195,163,180,196,142,158,160,186,153,212,176,203,139,154,216,217,206,187,152,192,176,206,197,194,203,185,198,165,203,201,184
162,151,157,195,128,160,184,154,137,105,158,186,163,131,149,151,133,121,170,189,153,67,48,60,43,52,53,41,63,35,62,77,57,47,76,73,52,49,44,50,70,50,62,32,49,50,37,51,44,62,34,42,47,64,38,45,48,51,59,43,63,58,59,39,64,67,56,51,4,5,6,6,8,4,6,6,8,5,7,6,6,5,4,8,5,7,6,6,3,5,4,9,5,8,8,7,7,4,5,2,5,5,8,3,9,7,7,5,6,5,3,3,4,6,4,6,6,3,4,3,8,6,6,6,9,7,6,7,6,8,9,9,5,8,3,4,6,5,5,8,11,7,4,7,7,6,8,6,6,6,6,4,9,4,6,7,7,7,5,6,9,7,8,7,3,8,6,6,8,9,6,6,8,6,6,6,6,7,6,4,5,6,6,4,8,5,6,8,7,4,6,4,5,4,6,5,5,4,5,3,9,4,7,6,5,7,6,4,8,5,5,7,6,3,4,4,4,5,9,327,351,436,307,346,312,330,351,390,370,381,349,376,417,344,364,347,365,285,432,376,350,350,370,364,307,299,312,140,196,185,131,177,164,167,205,186,198,179,162,160,185,137,196,198,271,200,127,157,222,171,186,218,189,169,167,173,187,178,171,208,161,190,221,209,160,178,184,168,152,146,136,198,157,159,168,210,157,171,173,136,219,189,154,180,179,202,175,143,225,234,178,174,171,220,200,145,166,92,168,175,188,118,201,216,167,149,169,164,172,147,189,199,162,202,167,261,160,167,124,210,122,133,151,191,158,225,189,172,205,150,162,151,198,172,148,186,190,195,169,144,142,171,208,201,158,161,198,140,178,187,138,168,172,214,253,186,206,180,127,220,164,179,165,168,178,174,176,190,162,235,260,193,159,186,100,175,206,150,132,196,236,185,157,136,189,155,159,204,146,151,204,172,188,152,174,149,139,187,194,174,189,191,185,153,155,153,153,204,205,202,172,146,155,159,181,166,177,167,173,138,142,185,161,190,179,168,137,179,164,165,190,163,127,183,170,182,163,186,195,220,180,214,175,173,181,182,152,238,191,188,148,221,225,204,195,154,123,229,170,147,238,191,155,158,177,171,144,152,135,160,187,169,222,168,116,246,164,170,158,141,227,163,182,120,174,202,199,192,158,178,159,191,194,200,171,161,225,172,158,114,166,188,203,205,157,135,188,167,160,128,123,197,180,202,170,193,186,185,166,224,212,180,180,175,195,181,209,232,184,156,159,140,204,205,131,139,123,205,222,196,170,129,207,206,163,185,178,198,137,131,167,159,199,159,110,200,223,157,145,175,180,140,240,193,213,165,230,177,189,191,206,152,182,186,136,151,179,169,165,202,171,208,189,140,166,193,204,185,147,216,225,193,171,169,143,198,152,206,196,212,215,217,198,160,192,195,170,216,231,223,142,198,137,145,207,196,223,179,159,176,138,149,130,135,146,174,245,155,151,248,138,161,135,180,184,205,141,182,131,156,126,178,183,188,184,194,171,152,204,117,206,158,157,226,159,180,139,212,205,185,144,167,201,197,192,193,178,201,148,181,207,107,141,148,200,138,226,161,214,142,168,230,236,213,179,135,191,170,215,208,199,205,175,201,153,218,201,178
200,189,190,245,148,194,229,188,165,123,194,231,198,154,180,181,158,147,208,237,187,70,45,60,40,50,52,35,68,28,65,84,62,43,84,77,51,47,41,49,76,48,63,23,46,49,29,49,41,64,26,39,43,65,30,40,46,50,60,40,66,60,59,33,67,70,56,50,2,4,6,8,9,4,5,6,8,4,7,7,6,4,3,9,4,8,6,6,1,4,3,10,4,9,8,7,8,3,4,1,3,4,9,1,10,7,7,5,5,5,1,1,4,5,2,6,7,2,4,2,9,7,6,6,10,7,6,8,6,9,11,11,4,10,1,2,6,5,4,9,13,8,3,7,8,6,8,6,6,6,6,2,10,2,6,7,7,8,4,6,11,7,9,7,2,8,6,7,9,11,7,5,8,5,5,6,5,7,6,3,5,6,6,2,9,5,6,9,7,3,6,3,4,3,6,4,4,3,4,1,11,2,7,5,4,7,6,3,9,4,4,7,6,1,4,3,2,4,10,338,380,489,303,385,317,348,372,449,394,414,368,410,465,360,387,365,383,277,480,404,388,391,388,396,309,307,341,121,199,183,111,176,157,163,207,182,200,173,151,159,187,122,199,198,296,223,103,160,239,165,181,235,186,180,162,178,186,172,166,212,150,190,233,218,146,172,180,162,142,133,118,200,145,152,161,216,148,183,168,114,227,185,142,173,171,206,181,122,235,251,172,170,168,229,208,131,175,60,162,171,184,112,206,223,156,139,160,152,162,130,187,201,149,204,160,283,146,155,100,216,97,110,146,188,142,239,190,167,213,134,149,140,203,164,131,182,189,199,157,127,124,161,216,211,148,153,204,119,171,184,136,161,161,227,273,190,210,185,107,230,169,176,158,157,171,172,169,191,155,248,283,191,148,187,70,171,214,132,107,194,249,185,144,114,191,140,152,208,128,140,208,166,184,142,167,134,134,182,196,185,187,189,188,162,147,137,143,207,210,209,165,128,139,153,182,178,171,164,167,116,135,182,162,186,172,159,140,174,153,153,192,152,101,180,169,181,175,186,201,229,177,226,184,165,176,185,137,260,189,186,133,232,238,207,202,144,98,240,177,133,252,188,160,148,169,163,132,136,115,146,185,166,230,164,110,269,153,179,164,127,242,160,185,109,167,210,202,202,151,173,145,195,195,208,168,148,233,181,147,90,154,186,209,211,150,113,190,157,152,110,98,200,173,207,184,201,184,179,154,239,220,172,173,168,198,199,214,252,179,141,151,119,205,214,111,125,96,208,236,193,160,104,217,213,157,183,178,197,127,115,159,144,202,147,81,208,236,145,126,168,177,123,260,193,233,159,241,177,190,194,212,143,179,188,126,136,173,160,153,203,162,218,183,120,161,192,206,184,133,226,241,196,168,166,127,206,143,209,200,221,225,223,197,154,190,202,184,225,244,239,130,198,126,133,218,198,235,180,164,169,121,139,111,111,137,168,264,145,134,271,117,149,115,189,196,213,120,178,107,141,103,178,181,184,183,195,167,139,205,108,212,145,151,244,148,173,139,217,215,184,149,162,202,218,192,192,190,208,134,182,218,74,126,138,212,124,239,147,222,144,181,244,254,220,171,120,189,165,224,218,203,207,165,202,141,234,200,174
58,50,59,65,55,58,63,56,52,43,57,64,61,53,57,57,54,45,61,63,56,23,22,23,21,22,22,22,19,21,21,24,17,23,22,24,21,21,21,21,23,22,23,22,22,21,22,21,20,22,20,21,23,24,22,22,21,21,22,20,22,21,23,21,22,23,21,21,7,7,6,5,8,7,8,8,8,8,7,7,8,7,7,8,7,5,7,8,7,7,7,8,7,8,8,7,7,7,7,6,7,8,7,7,8,7,7,7,7,7,7,7,7,7,7,7,6,7,5,7,8,6,7,7,8,8,7,7,7,7,7,8,8,8,7,6,7,7,7,8,8,8,7,7,8,8,8,8,8,7,7,7,8,7,8,7,7,8,7,7,8,7,7,7,7,8,8,6,8,7,7,7,7,7,7,7,8,7,8,7,6,8,7,7,8,6,7,7,8,6,8,6,7,7,8,8,8,7,7,7,8,7,8,8,7,6,7,7,8,7,6,7,7,7,7,7,7,7,8,308,301,327,315,251,297,310,262,257,294,323,290,270,321,291,320,321,292,309,304,314,229,233,327,278,276,264,245,196,186,196,184,182,187,178,200,202,200,202,189,170,182,175,198,204,213,141,189,155,180,196,203,185,204,149,180,163,198,194,177,205,195,197,195,190,198,195,193,187,180,174,185,193,183,181,191,201,186,147,193,193,209,204,182,202,200,199,166,195,206,195,196,187,178,199,187,183,144,175,187,188,203,138,191,210,202,180,195,198,201,191,198,207,197,197,191,212,197,195,183,196,186,194,165,204,198,193,193,186,189,194,198,177,193,193,198,193,194,189,200,187,191,198,195,189,185,186,184,193,191,192,145,193,196,188,201,186,204,169,179,204,157,187,185,197,201,185,192,194,179,212,215,200,189,186,177,189,188,194,192,204,209,191,189,195,189,196,180,196,196,177,197,188,199,181,196,188,158,203,200,154,199,201,180,137,182,197,181,205,202,192,193,196,194,177,182,139,196,183,195,191,161,198,165,198,199,191,134,194,192,197,189,191,193,195,178,189,141,191,187,197,190,185,154,197,190,185,185,195,200,196,191,205,191,205,182,183,191,214,157,182,207,204,141,189,204,196,178,191,190,200,194,180,203,181,132,191,191,154,143,177,195,174,174,153,193,186,201,173,181,194,195,182,197,184,187,201,206,150,192,178,202,200,189,203,181,187,184,199,187,173,184,198,201,194,142,176,196,197,198,188,199,199,200,196,190,144,201,189,198,186,186,195,203,190,183,173,192,205,185,201,200,191,187,194,183,198,182,198,165,175,188,198,195,193,184,182,192,190,196,193,186,189,203,196,170,185,205,181,193,185,188,183,195,188,166,193,200,193,194,199,200,184,199,187,181,201,205,199,189,204,188,190,183,180,189,189,179,208,195,192,192,205,201,179,202,190,137,205,200,192,175,201,162,184,190,187,203,185,152,194,178,177,182,197,173,192,203,178,196,197,190,194,188,156,158,190,197,193,189,195,185,177,190,202,197,198,190,182,205,146,200,187,181,188,191,203,142,205,188,185,137,187,201,148,198,194,151,194,183,187,190,187,184,180,170,178,199,198,190,142,140,198,194,197,198,178,191,190,202,185,193,205,194,194,188,191,200,192
72,64,73,83,66,73,80,70,64,52,71,81,76,64,70,70,65,56,76,81,70,44,39,43,37,40,41,39,38,37,40,47,35,41,44,45,38,39,39,39,45,39,44,37,39,38,38,39,37,42,35,37,41,45,36,39,38,39,40,37,42,41,43,38,41,45,39,40,7,7,6,6,8,7,7,8,8,8,7,7,8,7,7,9,7,6,8,8,7,7,7,9,7,8,8,8,8,7,7,6,7,8,8,7,9,7,8,7,8,7,7,6,7,8,7,8,6,7,6,7,9,7,8,7,9,8,8,7,7,8,8,9,8,9,7,6,7,8,7,8,9,8,7,8,8,8,8,8,8,7,8,7,9,7,8,8,8,8,7,7,9,7,8,8,7,8,8,7,9,8,8,7,8,7,7,7,8,8,8,7,7,8,7,7,9,6,7,7,8,5,8,6,7,7,8,8,8,7,7,7,9,7,8,8,7,7,7,7,8,7,6,8,7,6,7,6,7,7,9,323,320,350,323,286,302,322,288,289,325,340,312,298,344,316,337,338,316,313,343,342,263,262,343,308,298,278,272,183,182,193,172,181,182,169,198,196,199,196,180,168,181,163,197,199,222,150,175,153,185,190,197,193,201,156,178,162,196,188,169,206,188,197,198,189,190,191,188,183,174,161,175,192,174,177,186,204,180,155,189,179,213,200,171,197,195,202,169,183,208,202,192,181,171,198,190,174,147,156,183,185,200,133,191,213,195,174,190,190,194,181,197,207,185,197,182,221,188,182,169,193,170,179,162,201,188,194,193,179,193,180,189,171,195,188,186,188,190,187,193,176,179,191,200,193,180,181,182,181,185,187,144,189,185,195,208,186,205,170,167,208,159,183,177,190,196,184,185,195,176,219,226,193,179,181,159,186,193,180,177,204,211,189,181,182,186,187,174,193,184,171,200,185,194,175,192,179,154,199,200,160,198,198,177,143,176,186,176,204,203,192,186,184,179,167,179,143,192,180,190,174,158,196,165,192,191,183,135,191,184,189,189,184,177,192,175,188,148,189,190,196,188,189,160,192,182,187,171,207,196,195,182,210,194,205,187,172,175,219,160,173,209,200,139,183,198,192,171,182,177,191,191,174,201,178,129,199,182,159,144,168,198,172,171,146,189,187,201,178,176,189,187,178,198,185,183,192,204,153,184,163,194,199,187,205,176,175,186,192,181,159,170,198,196,196,151,175,194,188,189,194,202,192,193,192,188,155,204,195,192,174,180,183,197,189,171,165,175,202,189,193,192,176,190,198,180,197,181,191,157,164,178,188,194,184,167,184,195,183,183,185,178,178,213,195,175,180,205,178,192,183,186,177,193,186,160,184,193,186,180,194,195,183,191,173,175,196,202,197,179,208,192,188,182,177,178,192,172,209,198,192,195,205,195,174,199,192,142,209,202,200,167,197,150,175,195,183,208,185,155,189,164,170,171,183,167,186,207,172,185,203,178,187,175,156,166,188,183,187,171,185,171,171,188,195,195,198,186,171,202,139,202,174,177,194,183,198,141,206,192,179,139,183,195,156,196,188,154,197,172,188,195,168,174,173,173,169,204,190,190,144,147,199,199,194,186,168,187,186,207,185,196,202,182,190,181,199,195,186
110,99,109,129,94,110,123,105,96,76,108,125,113,94,104,105,96,84,116,126,105,61,53,58,49,55,56,49,56,45,55,70,52,53,64,64,51,53,50,53,65,52,62,44,50,50,46,52,48,57,43,48,53,63,43,48,50,52,54,48,59,57,58,47,57,64,52,54,5,5,5,5,7,5,5,6,6,6,6,6,6,5,5,7,5,6,6,6,4,6,5,7,5,6,7,6,6,5,5,4,5,6,7,5,8,6,6,5,6,5,4,4,5,6,5,6,5,5,5,5,7,6,6,6,8,7,6,6,6,7,7,7,6,8,5,5,5,6,5,7,8,7,5,6,7,6,7,6,6,5,6,5,8,4,6,6,6,7,5,5,8,6,7,6,5,7,6,6,7,7,6,5,7,6,6,5,6,6,6,5,5,6,6,5,7,5,5,6,7,4,6,4,5,5,6,6,6,5,5,5,7,5,7,6,5,6,5,5,7,5,5,6,5,4,5,5,5,5,7,343,348,389,331,309,312,342,301,331,340,374,324,318,385,325,366,356,328,321,376,375,288,285,360,329,299,279,302,167,181,191,159,181,176,160,198,188,198,190,171,166,180,150,198,195,231,162,159,152,191,183,187,207,200,164,175,164,192,180,162,207,180,198,204,189,181,186,179,178,166,147,162,191,165,170,182,210,173,165,184,165,217,196,159,194,190,204,176,172,210,211,190,175,163,197,195,166,150,133,178,181,195,131,192,217,187,168,184,181,186,169,194,205,173,195,173,228,179,169,155,191,153,163,160,197,177,198,195,174,201,165,179,165,197,183,172,185,188,187,187,166,165,186,206,196,174,177,178,167,179,181,145,181,174,207,217,187,206,171,153,212,163,178,165,185,189,183,179,195,172,228,239,184,168,175,139,183,201,166,162,203,209,189,174,168,183,176,170,188,172,165,206,179,187,169,185,171,151,196,198,166,197,198,175,148,171,175,170,205,202,193,176,170,161,155,177,150,189,176,187,154,156,194,167,185,183,173,140,187,178,182,191,178,159,189,170,188,157,189,195,198,185,197,170,186,174,184,156,217,191,193,173,216,198,206,192,159,157,223,167,166,211,197,137,175,191,186,165,171,161,182,185,165,202,176,125,207,172,168,147,159,199,170,171,139,184,189,200,184,174,180,178,175,201,188,181,179,203,158,176,148,185,196,185,206,173,161,191,186,174,145,156,199,191,202,162,173,191,179,182,202,207,184,185,189,188,168,209,200,185,162,173,170,190,191,155,159,158,199,193,185,185,160,192,205,176,194,182,187,152,153,170,178,193,176,146,187,201,175,170,178,171,166,225,195,180,177,206,175,191,183,187,169,189,182,154,173,184,181,167,189,189,185,180,156,168,192,199,195,169,210,195,188,180,176,166,194,167,208,198,190,195,207,187,172,198,196,151,213,204,209,160,195,136,165,199,180,214,186,160,185,149,164,155,167,160,178,212,167,174,212,166,179,161,158,175,186,167,178,154,177,155,167,187,189,194,196,182,157,198,132,204,160,173,204,177,190,143,210,198,174,142,178,189,166,196,180,158,202,160,187,199,147,163,167,179,159,209,182,191,144,158,204,205,193,175,159,184,180,212,185,201,199,173,185,172,207,188,176
159,147,154,191,126,157,181,150,135,104,156,183,161,129,146,148,132,119,167,186,151,61,51,58,46,54,56,44,61,38,56,78,58,48,71,67,50,52,48,53,72,49,63,34,44,48,39,49,46,57,36,45,50,65,32,42,47,50,53,45,61,59,57,42,58,68,51,53,4,5,5,7,8,5,5,6,7,6,6,6,7,4,4,8,5,7,6,6,3,5,3,9,4,7,8,6,7,4,5,3,4,5,8,4,9,6,7,5,6,5,3,3,4,6,4,6,6,4,5,4,9,7,6,6,9,7,6,6,6,8,9,8,5,9,3,4,5,6,5,8,10,7,5,7,7,7,8,7,7,6,7,4,9,3,6,7,7,7,5,5,9,7,8,7,4,7,6,7,8,8,6,5,8,5,5,5,6,6,6,4,6,7,6,4,9,5,5,7,7,3,6,4,4,5,7,5,5,5,4,4,8,4,7,5,5,7,5,4,7,5,5,7,5,3,5,4,4,5,8,332,361,408,312,359,288,341,325,370,376,386,352,358,405,349,368,358,354,291,434,386,331,324,352,371,311,290,324,148,177,190,142,182,170,149,198,181,203,185,158,167,180,132,202,192,250,181,139,152,202,177,180,228,199,179,173,168,193,173,152,214,172,200,215,190,170,183,171,174,157,127,147,191,151,165,175,220,167,181,180,142,229,194,142,190,184,212,186,154,218,227,188,169,153,200,205,154,159,101,175,182,193,126,196,226,177,160,180,171,177,153,194,209,158,196,162,247,166,149,132,191,129,140,157,197,163,206,199,167,213,146,169,157,203,177,154,180,185,189,179,150,148,177,218,207,167,171,179,147,171,174,145,175,160,223,233,192,212,175,135,224,171,173,153,177,183,185,170,200,167,244,264,175,153,168,110,182,214,146,138,205,216,191,163,148,182,162,164,186,156,157,214,176,182,163,183,158,147,195,202,180,198,197,174,160,166,160,163,210,210,197,168,153,138,142,175,161,187,173,184,127,153,195,171,177,174,162,144,185,169,171,195,168,134,187,165,191,174,191,205,201,185,208,185,180,162,189,134,242,187,194,160,230,206,211,205,143,131,238,175,153,219,195,137,169,186,181,156,157,141,171,182,157,203,173,123,225,159,180,154,147,208,170,170,131,179,195,204,198,169,173,166,172,204,194,178,167,205,167,168,125,177,198,184,215,168,140,197,178,166,124,133,203,185,212,180,174,191,166,172,217,217,174,176,185,190,191,218,213,177,144,167,151,185,194,138,146,133,200,202,176,176,136,201,216,173,195,185,179,143,138,156,164,194,165,118,193,210,164,151,169,161,150,249,198,194,172,211,173,195,186,186,163,188,181,147,162,175,174,148,184,182,189,169,134,160,187,199,196,155,221,206,188,181,175,151,203,159,213,206,193,203,211,180,167,197,205,163,225,212,229,150,193,119,153,212,176,228,189,170,180,127,156,137,145,153,170,226,160,158,228,148,171,141,162,191,187,147,169,126,163,133,160,188,183,195,199,180,140,198,124,212,140,168,219,166,185,145,217,210,166,150,174,183,185,197,173,167,211,143,191,212,115,148,159,187,148,219,172,194,149,173,211,217,194,160,147,179,176,225,189,208,200,156,181,163,226,181,167
195,184,186,237,144,191,223,181,162,121,190,226,193,151,174,178,155,144,203,231,182,62,49,58,44,54,56,39,66,32,57,85,64,45,77,70,49,51,45,52,77,46,65,26,39,47,32,48,44,56,29,43,47,67,24,36,44,48,53,43,63,62,56,37,60,72,49,53,3,4,6,8,10,4,4,6,7,5,6,6,7,3,3,9,3,9,6,6,1,5,2,10,3,7,9,6,7,3,4,1,2,4,10,2,10,6,8,5,6,4,2,2,3,6,3,7,6,2,5,3,10,8,7,6,10,7,6,7,6,9,10,9,4,10,2,3,4,5,4,9,12,8,4,8,8,7,9,7,7,6,7,3,11,1,6,7,8,7,4,5,11,7,10,8,3,8,6,8,9,10,6,4,9,5,5,5,6,6,6,3,6,7,7,3,10,5,5,8,8,2,6,3,3,4,6,4,4,4,3,2,9,3,8,5,4,8,5,4,8,5,5,8,5,2,4,2,3,4,9,343,393,450,310,397,283,359,338,422,400,419,372,387,448,367,390,378,368,285,480,416,363,357,362,400,315,296,354,131,174,190,126,184,164,139,197,175,207,179,145,166,180,117,205,190,268,199,119,154,213,172,174,247,199,194,172,172,192,166,143,220,165,202,225,192,159,179,165,172,150,110,133,191,139,161,170,229,160,196,176,123,238,193,128,186,178,219,194,137,225,241,186,163,144,203,214,143,167,72,172,180,191,123,199,235,170,154,174,162,170,140,195,213,143,197,152,265,154,132,112,190,107,119,154,196,151,213,203,160,227,127,158,148,209,172,139,176,182,189,172,136,133,170,228,217,161,167,180,130,164,168,146,170,146,239,246,197,217,179,117,236,176,169,143,169,178,186,162,205,163,259,286,167,141,162,85,182,226,127,117,207,223,192,152,129,182,150,160,183,140,149,221,173,176,157,179,146,144,194,207,194,200,197,172,171,161,146,158,214,216,201,159,137,116,129,175,172,185,171,180,103,150,196,176,170,165,152,148,182,161,161,198,160,110,187,160,192,188,192,214,204,185,218,198,174,152,193,114,264,182,194,147,243,212,216,215,129,109,251,184,141,226,195,136,163,182,178,147,145,124,161,177,150,204,172,121,242,148,192,158,135,216,169,170,124,175,202,209,210,166,167,156,170,207,200,177,156,208,174,159,103,168,199,184,223,163,122,203,170,159,105,112,206,180,220,196,176,191,155,162,231,225,166,167,182,191,212,228,225,170,128,160,134,180,197,120,135,109,200,210,168,167,114,209,226,171,196,188,172,135,126,144,152,193,155,91,199,219,154,134,161,153,136,271,201,207,166,215,171,198,188,186,158,185,180,140,151,167,168,130,177,175,192,160,115,154,184,198,197,143,233,215,189,182,175,137,212,151,220,212,196,209,215,172,162,195,215,176,237,218,248,139,190,103,143,223,174,240,193,178,177,107,148,121,127,146,162,237,154,143,243,132,164,124,165,204,187,129,163,101,149,111,153,188,176,196,203,179,125,197,116,218,122,165,235,156,180,148,223,221,159,157,171,177,202,199,168,175,220,128,196,224,86,134,152,195,137,229,162,197,153,189,218,227,194,147,135,174,173,236,193,217,200,142,178,156,243,175,159
72,64,73,83,66,73,80,70,64,52,71,81,76,64,70,70,65,56,76,81,70,44,39,43,37,40,41,39,38,37,40,47,35,41,44,45,38,39,39,39,45,39,44,37,39,38,38,39,37,42,35,37,41,45,36,39,38,39,40,37,42,41,43,38,41,45,39,40,7,7,6,6,8,7,7,8,8,8,7,7,8,7,7,9,7,6,8,8,7,7,7,9,7,8,8,8,8,7,7,6,7,8,8,7,9,7,8,7,8,7,7,6,7,8,7,8,6,7,6,7,9,7,8,7,9,8,8,7,7,8,8,9,8,9,7,6,7,8,7,8,9,8,7,8,8,8,8,8,8,7,8,7,9,7,8,8,8,8,7,7,9,7,8,8,7,8,8,7,9,8,8,7,8,7,7,7,8,8,8,7,7,8,7,7,9,6,7,7,8,5,8,6,7,7,8,8,8,7,7,7,9,7,8,8,7,7,7,7,8,7,6,8,7,6,7,6,7,7,9,323,320,350,323,286,302,322,288,289,325,340,312,298,344,316,337,338,316,313,343,342,263,262,343,308,298,278,272,183,182,193,172,181,182,169,198,196,199,196,180,168,181,163,197,199,222,150,175,153,185,190,197,193,201,156,178,162,196,188,169,206,188,197,198,189,190,191,188,183,174,161,175,192,174,177,186,204,180,155,189,179,213,200,171,197,195,202,169,183,208,202,192,181,171,198,190,174,147,156,183,185,200,133,191,213,195,174,190,190,194,181,197,207,185,197,182,221,188,182,169,193,170,179,162,201,188,194,193,179,193,180,189,171,195,188,186,188,190,187,193,176,179,191,200,193,180,181,182,181,185,187,144,189,185,195,208,186,205,170,167,208,159,183,177,190,196,184,185,195,176,219,226,193,179,181,159,186,193,180,177,204,211,189,181,182,186,187,174,193,184,171,200,185,194,175,192,179,154,199,200,160,198,198,177,143,176,186,176,204,203,192,186,184,179,167,179,143,192,180,190,174,158,196,165,192,191,183,135,191,184,189,189,184,177,192,175,188,148,189,190,196,188,189,160,192,182,187,171,207,196,195,182,210,194,205,187,172,175,219,160,173,209,200,139,183,198,192,171,182,177,191,191,174,201,178,129,199,182,159,144,168,198,172,171,146,189,187,201,178,176,189,187,178,198,185,183,192,204,153,184,163,194,199,187,205,176,175,186,192,181,159,170,198,196,196,151,175,194,188,189,194,202,192,193,192,188,155,204,195,192,174,180,183,197,189,171,165,175,202,189,193,192,176,190,198,180,197,181,191,157,164,178,188,194,184,167,184,195,183,183,185,178,178,213,195,175,180,205,178,192,183,186,177,193,186,160,184,193,186,180,194,195,183,191,173,175,196,202,197,179,208,192,188,182,177,178,192,172,209,198,192,195,205,195,174,199,192,142,209,202,200,167,197,150,175,195,183,208,185,155,189,164,170,171,183,167,186,207,172,185,203,178,187,175,156,166,188,183,187,171,185,171,171,188,195,195,198,186,171,202,139,202,174,177,194,183,198,141,206,192,179,139,183,195,156,196,188,154,197,172,188,195,168,174,173,173,169,204,190,190,144,147,199,199,194,186,168,187,186,207,185,196,202,182,190,181,199,195,186
110,99,109,129,94,110,123,105,96,76,108,125,113,94,104,105,96,84,116,126,105,61,53,58,49,55,56,49,56,45,55,70,52,53,64,64,51,53,50,53,65,52,62,44,50,50,46,52,48,57,43,48,53,63,43,48,50,52,54,48,59,57,58,47,57,64,52,54,5,5,5,5,7,5,5,6,6,6,6,6,6,5,5,7,5,6,6,6,4,6,5,7,5,6,7,6,6,5,5,4,5,6,7,5,8,6,6,5,6,5,4,4,5,6,5,6,5,5,5,5,7,6,6,6,8,7,6,6,6,7,7,7,6,8,5,5,5,6,5,7,8,7,5,6,7,6,7,6,6,5,6,5,8,4,6,6,6,7,5,5,8,6,7,6,5,7,6,6,7,7,6,5,7,6,6,5,6,6,6,5,5,6,6,5,7,5,5,6,7,4,6,4,5,5,6,6,6,5,5,5,7,5,7,6,5,6,5,5,7,5,5,6,5,4,5,5,5,5,7,343,348,389,331,309,312,342,301,331,340,374,324,318,385,325,366,356,328,321,376,375,288,285,360,329,299,279,302,167,181,191,159,181,176,160,198,188,198,190,171,166,180,150,198,195,231,162,159,152,191,183,187,207,200,164,175,164,192,180,162,207,180,198,204,189,181,186,179,178,166,147,162,191,165,170,182,210,173,165,184,165,217,196,159,194,190,204,176,172,210,211,190,175,163,197,195,166,150,133,178,181,195,131,192,217,187,168,184,181,186,169,194,205,173,195,173,228,179,169,155,191,153,163,160,197,177,198,195,174,201,165,179,165,197,183,172,185,188,187,187,166,165,186,206,196,174,177,178,167,179,181,145,181,174,207,217,187,206,171,153,212,163,178,165,185,189,183,179,195,172,228,239,184,168,175,139,183,201,166,162,203,209,189,174,168,183,176,170,188,172,165,206,179,187,169,185,171,151,196,198,166,197,198,175,148,171,175,170,205,202,193,176,170,161,155,177,150,189,176,187,154,156,194,167,185,183,173,140,187,178,182,191,178,159,189,170,188,157,189,195,198,185,197,170,186,174,184,156,217,191,193,173,216,198,206,192,159,157,223,167,166,211,197,137,175,191,186,165,171,161,182,185,165,202,176,125,207,172,168,147,159,199,170,171,139,184,189,200,184,174,180,178,175,201,188,181,179,203,158,176,148,185,196,185,206,173,161,191,186,174,145,156,199,191,202,162,173,191,179,182,202,207,184,185,189,188,168,209,200,185,162,173,170,190,191,155,159,158,199,193,185,185,160,192,205,176,194,182,187,152,153,170,178,193,176,146,187,201,175,170,178,171,166,225,195,180,177,206,175,191,183,187,169,189,182,154,173,184,181,167,189,189,185,180,156,168,192,199,195,169,210,195,188,180,176,166,194,167,208,198,190,195,207,187,172,198,196,151,213,204,209,160,195,136,165,199,180,214,186,160,185,149,164,155,167,160,178,212,167,174,212,166,179,161,158,175,186,167,178,154,177,155,167,187,189,194,196,182,157,198,132,204,160,173,204,177,190,143,210,198,174,142,178,189,166,196,180,158,202,160,187,199,147,163,167,179,159,209,182,191,144,158,204,205,193,175,159,184,180,212,185,201,199,173,185,172,207,188,176
159,147,154,191,126,157,181,150,135,104,156,183,161,129,146,148,132,119,167,186,151,61,51,58,46,54,56,44,61,38,56,78,58,48,71,67,50,52,48,53,72,49,63,34,44,48,39,49,46,57,36,45,50,65,32,42,47,50,53,45,61,59,57,42,58,68,51,53,4,5,5,7,8,5,5,6,7,6,6,6,7,4,4,8,5,7,6,6,3,5,3,9,4,7,8,6,7,4,5,3,4,5,8,4,9,6,7,5,6,5,3,3,4,6,4,6,6,4,5,4,9,7,6,6,9,7,6,6,6,8,9,8,5,9,3,4,5,6,5,8,10,7,5,7,7,7,8,7,7,6,7,4,9,3,6,7,7,7,5,5,9,7,8,7,4,7,6,7,8,8,6,5,8,5,5,5,6,6,6,4,6,7,6,4,9,5,5,7,7,3,6,4,4,5,7,5,5,5,4,4,8,4,7,5,5,7,5,4,7,5,5,7,5,3,5,4,4,5,8,332,361,408,312,359,288,341,325,370,376,386,352,358,405,349,368,358,354,291,434,386,331,324,352,371,311,290,324,148,177,190,142,182,170,149,198,181,203,185,158,167,180,132,202,192,250,181,139,152,202,177,180,228,199,179,173,168,193,173,152,214,172,200,215,190,170,183,171,174,157,127,147,191,151,165,175,220,167,181,180,142,229,194,142,190,184,212,186,154,218,227,188,169,153,200,205,154,159,101,175,182,193,126,196,226,177,160,180,171,177,153,194,209,158,196,162,247,166,149,132,191,129,140,157,197,163,206,199,167,213,146,169,157,203,177,154,180,185,189,179,150,148,177,218,207,167,171,179,147,171,174,145,175,160,223,233,192,212,175,135,224,171,173,153,177,183,185,170,200,167,244,264,175,153,168,110,182,214,146,138,205,216,191,163,148,182,162,164,186,156,157,214,176,182,163,183,158,147,195,202,180,198,197,174,160,166,160,163,210,210,197,168,153,138,142,175,161,187,173,184,127,153,195,171,177,174,162,144,185,169,171,195,168,134,187,165,191,174,191,205,201,185,208,185,180,162,189,134,242,187,194,160,230,206,211,205,143,131,238,175,153,219,195,137,169,186,181,156,157,141,171,182,157,203,173,123,225,159,180,154,147,208,170,170,131,179,195,204,198,169,173,166,172,204,194,178,167,205,167,168,125,177,198,184,215,168,140,197,178,166,124,133,203,185,212,180,174,191,166,172,217,217,174,176,185,190,191,218,213,177,144,167,151,185,194,138,146,133,200,202,176,176,136,201,216,173,195,185,179,143,138,156,164,194,165,118,193,210,164,151,169,161,150,249,198,194,172,211,173,195,186,186,163,188,181,147,162,175,174,148,184,182,189,169,134,160,187,199,196,155,221,206,188,181,175,151,203,159,213,206,193,203,211,180,167,197,205,163,225,212,229,150,193,119,153,212,176,228,189,170,180,127,156,137,145,153,170,226,160,158,228,148,171,141,162,191,187,147,169,126,163,133,160,188,183,195,199,180,140,198,124,212,140,168,219,166,185,145,217,210,166,150,174,183,185,197,173,167,211,143,191,212,115,148,159,187,148,219,172,194,149,173,211,217,194,160,147,179,176,225,189,208,200,156,181,163,226,181,167
195,184,186,237,144,191,223,181,162,121,190,226,193,151,174,178,155,144,203,231,182,62,49,58,44,54,56,39,66,32,57,85,64,45,77,70,49,51,45,52,77,46,65,26,39,47,32,48,44,56,29,43,47,67,24,36,44,48,53,43,63,62,56,37,60,72,49,53,3,4,6,8,10,4,4,6,7,5,6,6,7,3,3,9,3,9,6,6,1,5,2,10,3,7,9,6,7,3,4,1,2,4,10,2,10,6,8,5,6,4,2,2,3,6,3,7,6,2,5,3,10,8,7,6,10,7,6,7,6,9,10,9,4,10,2,3,4,5,4,9,12,8,4,8,8,7,9,7,7,6,7,3,11,1,6,7,8,7,4,5,11,7,10,8,3,8,6,8,9,10,6,4,9,5,5,5,6,6,6,3,6,7,7,3,10,5,5,8,8,2,6,3,3,4,6,4,4,4,3,2,9,3,8,5,4,8,5,4,8,5,5,8,5,2,4,2,3,4,9,343,393,450,310,397,283,359,338,422,400,419,372,387,448,367,390,378,368,285,480,416,363,357,362,400,315,296,354,131,174,190,126,184,164,139,197,175,207,179,145,166,180,117,205,190,268,199,119,154,213,172,174,247,199,194,172,172,192,166,143,220,165,202,225,192,159,179,165,172,150,110,133,191,139,161,170,229,160,196,176,123,238,193,128,186,178,219,194,137,225,241,186,163,144,203,214,143,167,72,172,180,191,123,199,235,170,154,174,162,170,140,195,213,143,197,152,265,154,132,112,190,107,119,154,196,151,213,203,160,227,127,158,148,209,172,139,176,182,189,172,136,133,170,228,217,161,167,180,130,164,168,146,170,146,239,246,197,217,179,117,236,176,169,143,169,178,186,162,205,163,259,286,167,141,162,85,182,226,127,117,207,223,192,152,129,182,150,160,183,140,149,221,173,176,157,179,146,144,194,207,194,200,197,172,171,161,146,158,214,216,201,159,137,116,129,175,172,185,171,180,103,150,196,176,170,165,152,148,182,161,161,198,160,110,187,160,192,188,192,214,204,185,218,198,174,152,193,114,264,182,194,147,243,212,216,215,129,109,251,184,141,226,195,136,163,182,178,147,145,124,161,177,150,204,172,121,242,148,192,158,135,216,169,170,124,175,202,209,210,166,167,156,170,207,200,177,156,208,174,159,103,168,199,184,223,163,122,203,170,159,105,112,206,180,220,196,176,191,155,162,231,225,166,167,182,191,212,228,225,170,128,160,134,180,197,120,135,109,200,210,168,167,114,209,226,171,196,188,172,135,126,144,152,193,155,91,199,219,154,134,161,153,136,271,201,207,166,215,171,198,188,186,158,185,180,140,151,167,168,130,177,175,192,160,115,154,184,198,197,143,233,215,189,182,175,137,212,151,220,212,196,209,215,172,162,195,215,176,237,218,248,139,190,103,143,223,174,240,193,178,177,107,148,121,127,146,162,237,154,143,243,132,164,124,165,204,187,129,163,101,149,111,153,188,176,196,203,179,125,197,116,218,122,165,235,156,180,148,223,221,159,157,171,177,202,199,168,175,220,128,196,224,86,134,152,195,137,229,162,197,153,189,218,227,194,147,135,174,173,236,193,217,200,142,178,156,243,175,159
58,50,59,65,55,58,63,56,52,43,57,65,61,54,57,57,54,45,61,64,56,23,21,23,20,22,22,22,19,22,21,24,17,23,22,24,21,21,21,21,23,22,24,22,22,20,22,21,20,22,21,20,23,24,21,22,21,21,21,20,22,21,23,22,22,23,21,22,7,7,6,5,8,7,7,8,7,8,7,7,8,7,7,8,7,5,7,8,7,7,7,8,7,7,8,7,7,7,7,6,7,8,8,7,8,7,7,7,7,6,7,7,7,8,7,7,6,7,5,7,8,7,7,7,8,8,7,7,7,7,7,8,8,8,7,6,7,7,7,8,8,8,8,7,8,8,8,8,8,7,8,7,8,7,8,7,7,8,7,7,8,7,7,7,7,8,8,6,8,7,7,7,7,7,7,7,8,7,8,7,6,8,7,7,8,6,7,7,8,6,8,6,7,7,8,8,8,8,7,7,8,7,8,8,7,6,7,7,8,7,6,7,7,7,7,7,8,7,8,310,299,325,316,255,294,313,261,256,298,326,293,269,319,294,322,319,292,312,305,319,226,232,325,281,278,263,243,198,183,197,182,183,188,175,200,201,200,203,189,171,181,173,199,202,211,140,187,154,179,196,202,182,202,148,182,162,199,194,175,207,194,196,194,188,202,195,192,189,181,172,184,193,182,183,194,198,188,150,195,194,208,204,181,204,201,202,163,194,206,194,195,186,176,198,188,185,144,176,189,189,205,139,190,208,200,179,193,200,202,192,199,210,195,197,190,211,198,194,185,194,187,194,165,205,199,191,191,185,187,194,200,178,194,194,198,193,193,188,199,189,192,200,194,190,189,189,183,196,191,191,147,196,195,191,200,187,206,168,181,204,157,186,185,200,202,184,191,192,180,210,215,199,188,185,179,191,187,193,193,208,208,191,190,194,188,199,180,195,198,177,196,189,199,183,198,192,160,205,202,156,197,203,179,139,184,198,180,206,202,190,193,197,193,175,182,138,194,184,198,190,160,196,163,197,198,191,134,195,192,198,190,192,193,197,178,192,144,191,190,195,191,184,152,200,189,188,184,196,200,197,190,202,190,207,180,182,193,211,158,183,206,204,140,192,206,194,176,191,191,203,194,179,201,182,133,189,190,152,141,178,194,177,171,150,195,185,202,175,178,193,197,180,196,184,189,202,204,149,194,180,200,199,188,205,179,188,187,203,187,172,187,199,202,191,140,174,197,196,198,187,199,199,199,195,189,146,199,188,198,185,188,197,201,189,184,175,194,204,184,198,201,192,186,193,182,197,184,196,165,176,187,198,195,193,186,182,191,192,197,192,184,191,200,198,168,186,203,181,193,183,186,182,196,188,164,196,199,194,192,198,204,182,198,187,180,199,204,202,191,205,187,189,186,181,191,190,180,209,194,191,191,204,199,179,204,187,137,203,198,194,177,200,160,185,191,186,204,184,154,195,177,179,184,195,173,192,201,179,196,196,192,197,188,154,161,188,197,192,189,195,186,175,191,200,200,200,192,181,204,146,201,185,184,188,192,204,142,205,188,184,138,189,200,147,198,192,150,197,182,186,190,189,185,182,169,181,199,201,189,145,140,195,193,194,195,180,190,191,206,183,192,203,192,192,191,194,199,191
73,64,73,83,66,73,80,70,64,52,72,82,76,65,70,71,65,56,77,82,70,43,39,43,37,41,42,38,38,38,39,48,35,41,43,45,38,38,38,40,45,39,45,37,39,37,38,38,37,41,35,36,42,45,36,38,38,39,39,37,42,41,42,39,41,45,38,40,7,7,6,6,8,7,7,8,8,8,7,7,8,7,7,9,7,6,8,8,7,8,7,9,7,8,9,8,8,7,7,6,7,7,8,7,9,7,8,7,8,7,7,6,7,8,7,8,6,7,6,7,9,7,8,7,9,8,8,7,8,8,8,8,8,9,7,6,7,8,7,9,9,8,8,8,8,8,8,8,8,7,8,7,9,7,8,8,8,8,7,7,9,7,8,8,7,8,8,7,9,8,7,7,8,7,7,7,8,7,8,7,7,8,8,7,9,6,7,7,8,5,8,6,7,7,8,8,8,8,7,7,8,7,8,8,7,7,7,7,8,7,7,8,7,6,7,6,7,7,8,325,315,346,324,292,298,331,284,285,330,347,313,297,344,321,341,334,316,318,346,349,261,257,341,314,300,277,267,187,178,194,169,182,183,166,198,194,201,197,177,170,178,161,199,197,218,147,171,150,182,191,194,191,198,153,180,161,196,187,166,210,185,194,197,186,195,192,185,187,174,158,171,191,173,179,190,200,185,160,193,180,210,201,168,202,196,207,165,179,208,199,190,179,167,196,192,178,146,159,186,188,201,137,189,210,192,170,187,193,196,182,198,212,184,194,182,218,189,179,172,191,172,181,162,202,190,192,190,178,191,180,192,172,195,189,187,187,188,186,191,180,181,193,196,194,184,187,180,184,184,184,147,192,183,201,204,188,208,167,170,209,159,181,174,195,197,182,183,191,176,215,228,190,177,178,163,191,191,179,179,209,207,190,182,178,185,191,175,189,188,171,196,186,194,180,196,184,158,204,204,163,194,201,174,146,181,188,172,206,205,190,184,185,176,164,177,141,189,181,197,172,155,194,162,189,189,181,136,192,185,190,191,185,177,193,173,192,153,191,196,194,190,187,157,196,178,189,168,208,194,196,178,206,191,209,183,170,179,216,161,174,206,201,136,188,203,188,167,182,178,197,188,171,198,179,132,195,180,156,142,169,194,176,168,143,190,186,203,182,173,186,190,175,194,184,186,192,201,151,189,167,192,196,183,210,173,175,191,199,182,158,174,199,197,194,147,171,195,185,192,193,203,190,192,189,187,160,201,191,192,172,184,188,194,188,171,169,179,200,185,191,194,176,187,196,177,194,185,188,158,168,176,189,191,185,168,183,193,183,185,184,176,182,210,199,172,180,202,175,194,182,183,174,194,184,156,190,191,188,178,191,200,181,188,173,173,194,200,202,183,211,190,186,187,180,182,193,174,212,194,189,192,204,192,175,200,189,142,206,199,204,170,196,148,178,196,180,209,182,160,191,162,174,174,180,167,183,204,174,186,201,183,193,175,152,168,184,185,184,171,186,172,168,190,194,200,201,191,169,199,140,203,170,182,194,184,199,142,208,193,176,140,187,193,154,198,184,152,202,170,185,196,171,174,178,170,174,202,195,186,146,148,196,196,192,184,173,184,187,213,182,192,201,180,186,186,204,191,183
111,100,110,130,95,110,124,106,96,77,109,126,114,95,105,107,96,84,117,127,106,59,51,58,48,57,58,47,55,48,54,71,52,53,63,63,50,51,49,55,66,51,63,44,48,49,48,51,50,55,43,47,56,63,41,47,49,51,52,50,58,58,57,49,56,65,51,55,5,6,5,5,7,6,5,6,6,6,6,6,6,5,5,8,5,6,6,6,4,6,4,7,5,6,7,6,6,5,5,4,5,5,7,4,8,5,7,5,6,5,5,4,5,6,5,6,5,5,4,5,8,6,6,6,7,7,6,6,6,7,7,7,6,7,5,5,5,6,5,7,8,7,5,7,7,7,7,6,6,5,6,5,8,4,6,6,6,6,5,5,8,6,7,6,5,7,6,6,7,7,6,5,7,5,5,5,6,6,6,5,5,6,6,5,8,5,5,6,7,4,6,4,5,5,6,6,6,6,5,5,7,5,7,6,5,6,5,5,7,6,5,7,5,4,5,4,5,6,7,346,343,384,335,322,305,354,295,327,348,383,327,315,383,333,370,351,328,329,380,389,283,277,355,336,302,277,296,172,175,193,154,182,178,156,196,185,201,192,168,168,176,147,200,192,226,157,155,149,185,185,185,203,195,159,180,161,195,177,157,213,175,193,201,183,190,189,175,184,167,142,158,190,161,176,187,205,180,173,190,166,213,198,155,202,191,213,171,167,209,209,186,172,158,193,197,173,149,138,184,188,197,135,189,211,181,163,180,187,187,170,195,214,170,192,172,225,181,164,160,187,154,164,162,199,179,193,189,171,197,164,186,166,198,185,173,182,185,185,183,172,167,187,201,198,180,186,174,172,177,177,149,187,170,215,213,189,212,168,159,215,165,175,162,192,192,177,176,190,173,223,241,179,167,170,145,190,197,164,163,212,205,190,176,163,182,181,171,183,179,167,202,182,187,177,192,177,157,203,205,172,192,204,171,154,179,176,165,208,205,190,173,172,156,151,174,146,185,177,196,150,150,190,162,182,180,172,140,190,180,184,194,180,160,192,169,195,166,191,203,192,187,194,165,193,169,190,151,220,189,195,168,212,193,212,188,155,162,219,169,167,207,199,132,184,198,181,160,173,162,190,183,161,197,178,131,203,169,162,144,160,194,175,167,134,186,186,202,190,168,177,184,170,195,186,187,181,198,155,183,154,181,191,179,215,167,162,199,195,175,141,161,201,192,197,157,169,194,174,184,200,210,181,182,183,185,176,204,195,184,158,178,177,185,187,158,163,164,196,188,180,186,162,189,200,171,190,187,182,153,159,166,180,190,177,147,186,197,177,171,176,166,172,221,201,175,179,202,172,192,180,181,164,191,181,150,182,182,183,163,184,197,181,176,154,164,190,196,203,174,215,191,185,189,181,171,196,168,214,194,185,192,204,182,174,200,190,149,208,199,216,166,193,132,170,201,175,216,181,168,187,146,170,160,161,161,176,208,169,175,207,173,188,162,152,181,181,169,174,152,178,158,162,189,186,202,203,189,154,195,133,206,155,180,203,178,193,144,212,201,168,144,184,184,163,197,176,154,211,156,182,202,152,164,175,175,166,207,191,186,149,159,199,200,189,170,167,180,181,222,180,196,196,168,181,180,214,184,172
162,149,156,193,128,158,183,151,136,106,158,186,162,131,147,151,133,121,169,188,153,59,48,58,44,58,60,41,60,42,54,79,59,49,69,65,49,50,45,55,73,48,66,35,42,47,41,48,48,54,36,43,54,66,30,40,46,48,51,48,60,60,56,44,56,69,48,56,4,5,5,7,9,5,4,7,6,6,6,6,6,4,4,9,4,7,6,7,3,6,3,8,4,7,8,6,7,4,5,3,3,5,9,3,9,6,7,5,6,4,4,3,4,7,5,6,5,4,5,4,9,7,7,6,9,7,6,6,7,7,9,8,5,9,4,4,5,5,5,8,9,8,5,8,8,7,8,7,6,6,7,4,9,2,7,6,7,7,5,5,9,6,8,7,5,7,6,6,8,8,6,4,8,5,5,5,6,6,6,4,6,7,7,5,9,5,5,7,7,3,6,4,4,5,7,5,5,5,4,4,8,4,8,5,4,7,5,5,7,5,5,8,5,3,5,3,5,5,8,336,353,400,317,377,279,360,316,365,387,398,358,352,402,363,372,349,353,303,440,405,326,316,346,383,316,288,316,156,169,193,134,185,172,141,196,176,206,187,152,168,174,128,205,188,243,173,130,148,195,180,176,221,192,172,181,163,196,168,144,222,164,193,211,183,182,186,166,183,160,119,139,189,147,175,184,213,177,194,189,145,222,197,137,202,187,226,178,146,216,224,180,164,144,193,207,164,157,109,183,190,196,134,191,219,170,152,171,179,180,156,197,222,153,192,159,243,168,141,140,184,131,142,159,199,166,199,191,162,207,143,177,159,206,180,156,176,181,187,171,159,151,179,210,210,177,184,172,156,169,168,153,184,154,237,225,195,222,170,142,228,172,169,147,187,186,177,166,192,170,238,267,167,151,160,120,193,207,140,140,219,209,193,165,140,180,170,167,177,165,159,206,179,180,176,192,168,156,205,214,189,191,206,168,168,178,162,156,212,213,193,162,155,129,134,171,157,180,176,197,121,145,187,163,173,169,160,146,187,172,173,198,171,136,190,163,202,187,194,218,193,188,204,177,188,155,198,126,245,182,196,151,223,199,220,198,137,140,231,178,155,212,199,128,182,196,173,148,160,144,183,177,151,195,176,131,218,154,172,148,149,201,178,165,123,182,192,208,206,161,169,174,164,196,190,187,169,198,162,178,134,168,190,176,228,160,143,210,191,169,119,143,206,188,204,173,166,194,158,175,213,220,170,171,177,184,204,211,206,175,138,175,163,176,188,139,154,142,195,195,169,179,138,197,208,166,188,193,171,145,147,150,167,190,168,119,191,206,167,153,165,153,160,242,208,186,174,203,168,197,181,178,155,190,179,139,174,171,177,139,175,195,182,162,131,156,183,194,209,163,231,198,184,195,184,159,207,161,224,197,185,197,207,171,169,199,198,162,218,204,241,157,189,110,161,215,169,231,182,182,184,121,164,145,137,155,164,218,163,160,222,160,185,143,153,199,179,150,164,124,165,135,152,191,177,208,209,191,135,193,125,215,132,181,218,168,187,147,220,213,158,152,182,175,179,199,166,161,225,138,184,215,123,150,171,182,157,217,185,187,157,176,204,209,186,152,159,172,179,239,182,202,195,149,174,176,237,174,161
198,185,188,239,147,192,227,183,163,125,193,230,195,153,176,182,156,146,207,234,185,59,46,57,41,59,61,36,65,37,54,86,65,46,74,67,48,48,42,56,78,45,68,27,36,45,35,46,47,54,30,40,52,68,21,34,43,46,50,46,62,63,55,40,57,73,46,56,3,5,5,8,10,5,3,7,7,6,5,5,7,3,3,10,3,9,5,7,1,6,1,9,3,7,10,6,7,3,5,2,2,4,10,1,11,5,8,5,6,4,3,2,3,7,4,7,6,2,5,2,11,9,7,6,10,8,5,6,7,8,10,9,4,10,2,3,4,5,4,9,11,8,4,8,8,8,9,7,6,5,7,3,11,0,7,6,8,7,4,4,11,7,9,8,4,8,6,7,9,9,6,3,9,5,4,5,6,6,5,3,6,7,7,4,11,4,4,7,7,1,6,3,3,5,7,4,4,4,3,3,9,3,9,4,3,8,4,5,7,5,5,9,4,2,4,2,4,5,8,351,382,441,317,421,274,383,329,414,417,435,379,380,443,384,398,367,367,300,488,440,356,347,357,416,322,292,343,142,163,193,116,187,167,128,196,169,210,183,139,170,174,110,208,184,259,188,109,147,203,175,168,236,188,183,183,166,196,160,132,231,155,192,220,181,176,183,157,183,154,99,122,189,134,173,181,219,174,213,188,126,228,196,120,203,181,235,184,127,223,236,175,157,133,193,218,157,165,83,183,191,194,134,194,225,160,143,164,173,174,143,198,229,137,192,150,259,157,121,122,181,110,122,157,198,154,203,192,154,216,124,169,152,213,175,142,170,176,188,161,148,136,173,219,220,175,183,170,141,162,161,157,181,139,256,236,201,229,172,127,239,180,164,136,183,182,176,156,195,166,249,290,156,138,152,98,195,217,120,120,224,212,195,156,119,179,161,163,173,153,152,211,177,175,173,193,160,155,208,220,205,190,208,164,182,178,148,147,217,219,195,153,140,106,118,168,166,174,175,197,95,139,185,166,163,159,150,151,186,165,163,202,164,115,189,159,206,205,196,231,193,189,213,188,185,141,204,103,268,176,197,137,233,203,227,205,121,120,242,187,145,215,198,126,180,195,167,136,148,128,177,172,143,194,174,132,232,141,182,153,139,206,181,162,114,178,195,213,221,155,160,166,160,197,195,187,160,197,168,173,116,158,189,174,240,153,125,220,187,164,99,126,209,183,210,187,165,194,144,166,225,229,161,161,172,185,229,217,215,168,120,171,150,169,190,124,146,122,194,200,158,171,117,203,216,161,186,199,161,139,137,137,155,188,158,94,196,212,157,137,156,143,149,262,213,196,169,205,164,201,182,177,147,190,177,130,167,161,172,119,167,192,183,150,112,149,179,193,214,154,244,206,183,199,186,148,216,155,233,202,186,201,210,162,165,199,204,173,227,208,262,151,185,92,153,227,163,244,183,195,180,99,160,132,117,149,156,227,157,146,233,149,180,127,154,216,177,133,155,98,153,116,142,192,170,212,214,193,118,192,120,222,111,181,232,159,184,151,226,224,148,160,182,167,195,202,157,167,237,123,186,228,97,138,169,188,151,226,179,187,164,192,208,217,184,136,151,167,176,253,183,206,193,131,167,172,257,165,150
73,64,73,83,66,73,80,70,64,53,72,82,76,65,70,71,65,56,77,81,70,43,39,43,37,41,42,38,38,38,39,48,35,41,43,45,38,38,38,40,45,39,45,37,39,37,38,38,37,41,35,36,42,45,36,38,38,39,39,37,42,41,42,39,41,45,38,40,7,7,6,6,8,7,7,8,8,8,7,7,8,7,7,9,7,6,8,8,7,8,7,9,7,8,9,8,8,7,7,6,7,7,8,7,9,7,8,7,8,7,7,6,7,8,7,8,6,7,6,7,9,7,8,7,9,8,8,7,8,8,8,8,8,9,7,6,7,8,7,9,9,8,8,8,8,8,8,8,8,7,8,7,9,7,8,8,8,8,7,7,9,7,8,8,7,8,8,7,9,8,8,7,8,7,7,7,8,7,8,7,7,8,8,7,9,6,7,7,8,5,8,6,7,7,8,8,8,8,7,7,8,7,8,8,7,7,7,7,8,7,7,8,7,6,7,6,7,8,8,326,316,346,324,292,298,330,284,285,330,347,314,297,344,321,341,334,316,318,346,349,261,258,341,314,301,277,268,187,178,194,170,182,183,166,198,194,201,197,177,170,178,161,199,197,218,147,171,152,182,190,194,191,198,153,180,161,196,187,166,210,185,194,197,186,195,191,185,187,174,158,171,191,173,179,190,200,185,160,192,180,209,201,169,202,196,207,166,179,208,199,190,179,168,196,192,178,147,159,186,188,201,137,189,209,191,171,187,193,195,182,198,212,184,194,182,218,189,179,172,191,172,181,162,202,190,192,190,178,191,180,192,172,195,189,187,187,188,186,191,180,181,193,196,194,184,187,180,184,184,184,148,191,183,201,204,188,208,167,171,209,159,181,174,195,197,182,183,191,176,215,227,189,177,178,163,191,191,179,179,209,207,190,182,178,185,191,175,189,188,172,196,186,193,180,196,184,158,204,204,163,194,201,174,147,181,188,172,205,205,190,184,185,176,164,177,142,189,181,196,172,155,193,162,189,189,181,136,192,185,190,191,185,177,193,173,192,153,191,196,194,189,187,157,195,178,189,168,207,194,196,178,206,191,209,183,170,179,216,161,174,206,201,136,188,203,188,167,182,178,197,188,171,197,179,132,195,180,156,143,169,194,176,169,143,190,186,203,182,173,186,190,175,194,184,186,192,201,151,189,168,191,196,183,210,174,175,191,197,182,158,175,199,197,194,147,171,195,185,192,193,203,190,191,189,187,160,201,191,192,172,184,188,194,188,171,169,179,200,185,190,193,177,187,195,177,193,185,188,158,168,176,189,191,185,168,183,193,183,185,184,176,182,210,199,172,180,202,175,194,182,183,174,193,184,156,189,191,188,178,191,200,181,188,173,173,194,200,202,183,211,189,186,187,180,182,193,174,212,194,188,192,204,191,176,200,190,142,206,199,204,170,196,148,178,196,180,209,182,160,191,162,174,174,180,168,183,204,174,186,201,183,192,175,153,169,184,185,185,171,186,172,169,190,194,200,201,190,169,199,141,203,170,182,194,184,199,142,207,193,176,141,187,192,154,198,184,152,202,170,185,196,172,174,178,171,174,202,195,186,148,149,196,195,192,184,173,184,187,212,182,192,201,180,186,187,204,191,183
111,100,110,130,95,110,124,106,96,77,109,126,114,95,105,107,96,85,117,126,106,59,51,58,48,57,58,47,55,48,54,71,52,53,63,63,50,51,49,55,66,51,63,44,48,49,48,51,50,55,43,47,56,63,41,47,49,51,52,50,58,58,57,49,56,64,51,55,5,6,5,5,7,6,5,6,6,6,6,6,6,5,5,8,5,6,6,6,4,6,4,7,5,6,7,6,6,5,6,4,5,5,7,4,8,5,7,5,6,5,5,4,5,6,5,6,5,5,4,5,8,6,6,6,7,7,6,6,6,7,7,7,6,7,5,5,5,6,5,7,8,7,6,7,7,7,7,6,6,5,6,5,8,4,6,6,6,6,5,5,8,6,7,6,5,7,6,6,7,7,6,5,7,5,5,5,6,6,6,5,5,6,6,5,8,5,5,6,7,4,6,4,5,5,6,6,6,6,5,5,7,5,7,6,5,6,5,5,7,6,5,7,5,4,5,4,5,6,7,346,343,383,335,321,306,354,295,327,347,383,327,315,384,333,370,350,327,328,379,389,284,278,354,336,303,277,297,172,175,193,154,182,178,156,196,185,200,192,169,168,176,147,200,192,225,157,155,149,185,185,185,201,195,159,180,161,194,177,158,213,175,193,201,183,190,189,175,184,167,142,158,190,162,176,187,205,180,173,190,166,213,198,155,201,191,213,171,167,208,208,186,172,158,192,197,173,150,138,184,188,197,135,189,211,181,163,180,187,187,170,195,214,170,191,172,225,181,164,160,187,155,164,163,199,179,193,189,171,195,164,186,167,198,184,173,182,185,185,183,172,167,187,200,198,180,186,174,172,177,177,150,186,170,215,212,189,212,168,159,214,165,175,162,192,192,178,176,190,173,222,241,179,167,170,146,190,197,164,163,211,205,190,175,163,182,181,171,183,179,168,202,182,187,177,192,177,157,203,204,172,191,202,171,154,179,176,165,207,205,190,174,172,156,151,174,147,185,177,196,151,150,190,162,182,180,172,141,190,180,184,194,179,161,192,169,195,166,191,203,192,187,194,165,193,169,189,152,219,189,195,168,211,193,212,188,155,162,218,169,167,206,199,132,183,197,181,160,173,162,190,183,161,197,178,131,203,169,162,145,161,194,175,167,135,186,187,201,190,168,177,184,170,195,186,187,181,198,156,183,155,181,191,179,214,167,162,199,195,175,142,162,201,192,197,157,169,193,174,184,200,209,181,182,183,185,176,204,194,184,159,178,177,184,187,158,164,164,196,188,180,186,162,189,200,171,190,187,182,153,159,167,180,190,177,148,186,197,177,171,176,166,172,220,201,175,179,201,172,192,180,181,164,191,181,150,182,182,183,163,184,197,181,176,154,164,189,195,202,174,215,191,185,189,181,171,195,168,214,193,184,192,203,182,173,200,190,150,207,199,216,166,193,132,170,201,175,215,181,168,187,146,170,161,162,161,176,208,169,175,207,173,188,163,152,181,181,169,174,152,179,158,163,189,186,202,202,189,154,195,133,206,156,180,202,178,193,144,212,199,168,145,184,184,163,197,176,154,209,157,182,202,152,164,175,175,166,206,191,186,150,159,199,200,189,170,167,180,181,221,180,195,196,169,181,181,214,184,172
161,148,156,192,128,158,183,151,136,106,158,186,162,131,147,151,133,121,169,188,152,59,48,57,44,58,59,42,60,42,54,79,59,49,68,65,49,50,45,55,72,48,66,35,42,47,41,48,48,54,36,43,54,66,30,40,46,48,51,48,60,60,56,45,56,69,48,56,4,5,5,7,9,5,4,7,6,6,6,6,6,4,4,9,4,7,6,7,3,6,3,8,4,7,8,6,7,4,5,3,3,5,9,3,9,6,7,6,6,4,4,3,4,7,5,6,5,4,5,4,9,8,7,6,9,7,6,6,7,7,9,8,5,9,4,4,5,5,5,8,9,8,5,8,8,7,8,7,6,6,7,4,9,3,7,6,7,7,5,5,9,6,8,7,5,7,6,6,8,8,6,4,8,5,5,5,6,6,6,4,6,7,7,5,9,5,5,7,7,3,6,4,4,5,7,5,5,5,4,4,8,4,8,5,4,7,5,5,7,5,5,8,5,3,5,3,5,6,8,336,354,400,317,376,279,359,316,365,387,398,358,352,402,363,372,350,354,304,439,405,326,316,345,382,316,288,316,157,169,193,134,185,172,141,196,176,206,187,152,168,175,128,204,188,243,173,130,148,194,180,175,220,192,172,181,163,195,168,144,222,164,193,211,183,182,186,166,183,160,120,139,189,147,174,184,211,177,194,189,145,221,197,137,202,187,225,178,146,215,223,180,164,145,193,207,165,157,110,183,190,195,134,191,218,170,153,171,179,180,156,197,222,153,192,160,242,168,142,140,184,132,142,160,198,166,199,191,163,206,143,177,159,206,180,157,176,180,187,171,159,151,179,209,209,177,184,171,156,169,168,153,183,155,236,224,195,220,171,143,227,173,169,148,188,186,177,166,193,170,236,266,167,152,161,120,193,207,141,141,218,209,193,166,140,181,170,167,178,166,160,206,179,180,176,192,168,156,205,213,188,191,205,168,168,178,162,156,212,212,192,162,156,130,134,171,157,179,176,196,122,145,187,164,172,169,160,147,187,172,174,198,171,137,190,163,201,187,194,217,193,187,204,176,188,155,197,127,244,181,195,152,222,198,220,197,138,140,231,179,156,211,198,128,181,196,173,148,160,144,183,177,152,195,176,131,217,154,172,148,149,200,178,165,124,182,192,207,206,162,169,174,164,196,190,186,170,198,162,178,135,168,190,176,228,160,143,210,191,170,120,143,205,188,203,173,166,194,158,174,212,220,170,171,177,184,203,211,205,175,138,175,163,176,188,139,155,143,195,195,169,179,138,197,208,166,188,193,172,146,147,150,167,189,168,120,191,205,167,153,165,154,160,241,207,186,174,203,168,197,180,179,155,190,179,139,174,171,177,139,175,194,182,162,132,156,184,194,208,164,230,198,184,195,184,159,206,162,224,198,185,196,207,171,170,199,197,162,218,204,240,157,189,112,161,215,169,231,182,182,184,122,165,145,138,156,165,218,163,160,221,160,184,144,153,199,179,150,164,125,165,136,152,190,177,208,208,191,135,193,127,215,132,181,218,168,187,147,220,213,158,152,183,175,179,199,166,161,224,139,184,215,123,150,171,182,158,217,185,187,158,176,203,209,186,152,159,173,179,238,181,201,194,149,174,176,237,174,161
198,185,188,239,147,192,227,183,163,125,193,230,195,153,176,182,156,146,207,234,185,59,46,57,41,59,61,36,65,37,54,86,65,46,74,67,48,48,42,56,78,45,68,27,36,45,35,46,47,54,30,40,52,68,21,34,43,46,50,46,62,63,55,40,57,73,46,56,3,5,5,8,10,5,3,7,7,6,5,5,7,3,3,10,3,9,5,7,1,6,1,9,3,7,10,6,7,3,5,2,2,4,10,1,11,5,8,5,6,4,3,2,3,7,4,7,6,2,5,2,11,9,7,6,10,8,5,6,7,8,10,9,4,10,2,3,4,5,4,9,11,8,4,8,8,8,9,7,6,5,7,3,11,0,7,6,8,7,4,4,11,7,9,8,4,8,6,7,9,9,6,3,9,5,4,5,6,6,5,3,6,7,7,4,11,4,4,7,7,1,6,3,3,5,7,4,4,4,3,3,9,3,9,4,3,8,4,5,7,5,5,9,4,2,4,2,4,5,8,351,382,441,317,421,274,383,329,414,417,435,379,380,443,384,398,367,367,300,488,440,356,347,357,416,322,292,343,142,163,193,116,187,167,128,196,169,210,183,139,170,174,110,208,184,259,188,109,147,203,175,168,236,188,183,183,166,196,160,132,231,155,192,220,181,176,183,157,183,154,99,122,189,134,173,181,219,174,213,188,126,228,196,120,203,181,235,184,127,223,236,175,157,133,193,218,157,165,83,183,191,194,134,194,225,160,143,164,173,174,143,198,229,137,192,150,259,157,121,122,181,110,122,157,198,154,203,192,154,216,124,169,152,213,175,142,170,176,188,161,148,136,173,219,220,175,183,170,141,162,161,157,181,139,256,236,201,229,172,127,239,180,164,136,183,182,176,156,195,166,249,290,156,138,152,98,195,217,120,120,224,212,195,156,119,179,161,163,173,153,152,211,177,175,173,193,160,155,208,220,205,190,208,164,182,178,148,147,217,219,195,153,140,106,118,168,166,174,175,197,95,139,185,166,163,159,150,151,186,165,163,202,164,115,189,159,206,205,196,231,193,189,213,188,185,141,204,103,268,176,197,137,233,203,227,205,121,120,242,187,145,215,198,126,180,195,167,136,148,128,177,172,143,194,174,132,232,141,182,153,139,206,181,162,114,178,195,213,221,155,160,166,160,197,195,187,160,197,168,173,116,158,189,174,240,153,125,220,187,164,99,126,209,183,210,187,165,194,144,166,225,229,161,161,172,185,229,217,215,168,120,171,150,169,190,124,146,122,194,200,158,171,117,203,216,161,186,199,161,139,137,137,155,188,158,94,196,212,157,137,156,143,149,262,213,196,169,205,164,201,182,177,147,190,177,130,167,161,172,119,167,192,183,150,112,149,179,193,214,154,244,206,183,199,186,148,216,155,233,202,186,201,210,162,165,199,204,173,227,208,262,151,185,92,153,227,163,244,183,195,180,99,160,132,117,149,156,227,157,146,233,149,180,127,154,216,177,133,155,98,153,116,142,192,170,212,214,193,118,192,120,222,111,181,232,159,184,151,226,224,148,160,182,167,195,202,157,167,237,123,186,228,97,138,169,188,151,226,179,187,164,192,208,217,184,136,151,167,176,253,183,206,193,131,167,172,257,165,150
58,51,60,66,56,59,64,57,52,44,58,65,61,54,58,58,54,46,62,64,57,23,21,23,20,21,22,21,19,21,21,24,17,23,21,23,21,20,21,21,23,22,24,22,22,20,23,21,21,22,21,20,23,24,21,22,21,21,21,21,22,21,23,22,21,23,21,23,7,7,6,5,8,7,7,8,7,8,7,7,7,7,7,8,7,5,7,7,7,8,7,8,7,7,8,7,7,7,7,6,7,7,8,7,8,7,8,7,7,6,7,7,7,8,7,7,6,7,5,7,8,6,7,7,8,8,7,7,7,7,7,8,8,8,8,6,7,7,7,8,8,8,8,8,8,7,8,8,8,7,8,7,8,7,8,7,7,8,7,7,8,7,7,7,7,8,8,6,8,7,7,7,7,7,7,7,8,7,8,7,6,8,7,7,8,6,7,7,8,5,8,6,7,7,8,8,8,8,7,7,8,7,8,8,7,6,7,7,8,7,7,7,7,7,7,6,8,8,8,309,294,323,317,250,291,307,257,257,307,336,293,268,320,303,322,315,297,322,305,314,227,229,326,291,278,263,239,206,181,197,178,183,188,173,204,201,200,203,188,171,181,173,199,202,209,137,184,153,177,196,201,179,199,144,190,162,199,193,173,215,189,193,193,186,197,196,192,197,180,170,180,197,182,190,201,195,192,145,203,193,205,205,181,200,201,199,161,190,208,193,191,185,174,195,188,187,146,184,197,197,205,147,189,205,197,175,190,208,202,192,199,205,195,196,193,211,198,190,193,191,187,195,165,206,199,188,187,184,183,196,208,178,194,194,198,192,193,191,196,197,192,200,191,189,191,185,180,204,193,191,155,203,194,187,198,187,214,168,189,204,157,186,184,203,202,181,190,189,180,207,216,197,191,182,182,195,183,193,193,203,206,191,190,191,191,206,180,192,201,178,193,189,203,179,202,194,167,207,206,163,194,211,179,147,179,198,176,206,203,190,192,197,190,173,181,138,190,183,193,189,156,193,159,197,198,193,134,195,192,198,190,192,193,197,181,194,140,191,185,193,191,184,149,207,185,195,181,196,200,197,186,200,188,215,177,182,201,209,157,183,204,204,136,188,208,191,173,191,191,199,193,179,198,182,141,187,190,148,141,178,191,185,172,147,195,185,202,182,176,193,205,177,193,183,197,202,201,149,197,184,197,195,184,202,176,188,183,198,187,172,190,199,202,188,137,172,197,194,199,187,200,198,199,190,188,142,197,186,201,185,196,194,199,189,183,183,197,204,181,196,201,192,186,190,179,194,192,193,165,184,187,198,194,193,185,184,191,192,197,191,182,194,198,206,165,186,201,180,193,182,184,177,196,190,160,191,199,194,190,196,199,180,195,189,180,199,204,198,199,213,185,189,182,189,199,190,180,213,191,188,191,204,197,180,203,184,139,200,196,197,185,200,158,193,190,182,204,181,149,195,177,186,192,192,173,191,199,179,196,192,188,193,188,151,168,185,198,192,191,195,185,173,191,200,195,208,195,180,203,146,201,183,180,190,191,204,142,205,188,181,138,197,197,146,199,190,150,193,182,183,190,197,184,178,169,183,203,197,186,152,140,193,190,192,193,175,190,191,201,180,188,203,189,190,186,197,197,191
74,65,75,85,67,74,82,71,65,54,74,83,77,66,71,72,66,57,79,83,72,42,37,44,35,40,40,36,39,36,38,48,35,41,42,44,38,37,37,41,45,40,48,37,38,37,41,38,40,40,35,35,40,45,35,38,39,38,38,40,41,41,42,40,40,45,38,44,7,7,6,6,8,8,7,9,8,8,7,7,8,7,7,9,7,6,8,8,7,8,6,9,6,8,9,7,8,7,7,7,7,7,9,6,9,7,9,7,8,7,6,6,7,8,7,8,6,7,5,7,9,7,8,7,8,8,8,7,8,8,8,8,8,9,8,6,7,7,7,9,9,8,8,8,8,8,8,8,8,7,9,7,9,6,8,8,7,8,7,7,9,7,7,8,6,8,8,6,8,8,7,7,8,7,7,7,9,7,8,7,7,8,8,7,9,6,7,7,8,5,8,6,7,7,8,8,8,8,7,7,8,7,9,8,7,6,7,7,8,8,7,8,7,6,7,6,8,8,8,327,307,340,326,281,292,319,279,286,352,367,315,297,344,342,342,325,324,339,347,340,261,253,342,334,300,276,260,201,173,194,162,182,184,161,203,194,201,197,177,170,178,160,199,197,214,142,166,150,177,191,194,184,192,147,194,160,197,186,161,224,179,188,196,181,188,192,185,201,175,153,166,197,172,194,204,194,190,151,207,180,204,201,168,194,196,198,160,174,213,199,183,178,163,191,192,183,151,173,201,202,201,151,188,204,186,165,181,208,194,181,198,204,183,194,186,218,189,174,186,186,172,181,162,202,189,187,183,177,184,184,207,172,196,189,187,186,187,191,184,194,181,193,190,194,189,178,174,198,189,184,161,206,183,193,200,188,223,167,184,209,159,180,174,201,197,175,182,185,176,210,228,185,182,173,168,196,183,178,179,201,203,190,182,172,190,205,175,184,194,171,190,185,198,172,202,189,172,209,210,177,188,216,175,161,174,187,166,206,205,189,183,185,171,159,177,141,182,181,188,172,148,187,156,189,189,187,135,191,185,190,191,185,178,193,178,198,146,191,188,189,190,187,151,210,173,204,163,208,194,196,172,201,186,224,177,170,193,210,161,174,202,201,131,180,208,182,161,182,178,189,187,171,193,179,146,190,179,150,141,169,190,190,168,136,190,185,203,196,166,186,204,170,188,183,201,193,196,150,194,173,185,189,178,202,167,176,183,190,182,157,180,200,197,188,141,167,195,181,191,192,203,189,191,183,186,151,195,187,196,172,198,180,189,187,171,183,185,200,180,186,193,177,187,189,171,187,199,183,158,182,176,189,190,185,168,188,193,183,184,183,171,187,204,213,167,181,197,175,194,181,178,168,194,190,150,182,190,188,173,186,192,177,183,177,172,193,199,194,197,225,185,185,178,195,197,193,174,219,188,184,192,203,187,176,201,183,146,200,195,211,185,195,143,193,196,175,210,176,151,191,162,188,188,174,167,183,200,174,186,196,176,184,176,148,182,179,184,185,176,186,172,164,189,193,193,216,196,169,199,140,203,165,174,199,184,199,142,208,193,171,140,201,188,154,198,180,152,195,170,179,197,185,175,171,170,179,208,187,182,161,148,191,191,187,179,165,184,187,204,177,186,200,175,182,179,210,186,183
114,102,113,133,97,112,129,108,97,79,114,130,116,97,108,108,98,87,121,130,109,57,48,60,45,54,54,44,57,44,51,71,52,53,61,61,50,48,46,57,66,54,70,44,46,49,54,50,56,53,43,44,52,63,39,47,51,50,50,56,58,58,57,52,54,65,49,62,5,6,5,5,7,6,5,7,6,6,5,6,6,4,5,7,5,6,6,6,4,6,4,7,4,6,8,6,6,5,5,5,4,5,8,4,8,5,7,5,6,5,4,4,5,7,5,6,5,5,4,4,8,6,6,6,7,7,6,5,6,7,7,7,6,7,6,5,5,5,5,7,7,7,6,7,7,6,7,6,6,6,7,5,8,4,7,6,6,7,5,5,8,6,6,7,4,7,6,5,7,7,6,5,7,5,5,5,7,5,6,5,5,6,7,5,7,5,5,6,6,3,6,5,5,5,6,6,6,6,5,5,7,5,7,6,5,5,5,5,6,6,6,7,5,4,5,4,6,6,7,349,332,378,337,307,298,340,287,328,380,416,330,318,385,364,372,341,340,362,383,374,286,271,359,369,304,275,285,195,167,193,143,182,178,148,205,184,201,192,166,167,174,146,201,191,219,149,144,148,178,185,183,193,185,149,203,160,195,176,150,237,165,183,200,176,177,189,175,206,167,134,147,198,160,198,210,195,189,160,212,166,204,198,154,190,191,202,160,157,218,208,176,171,149,185,197,181,157,160,206,211,198,156,188,202,171,152,170,209,187,170,195,202,169,191,179,226,181,155,182,180,154,164,162,200,179,186,179,170,187,172,207,166,198,185,173,181,184,194,173,194,166,187,191,198,189,173,167,194,186,177,172,209,171,203,206,189,236,167,181,214,165,174,161,201,192,167,175,180,173,214,242,171,174,162,153,199,187,161,162,200,197,190,176,153,190,203,171,176,187,167,193,182,194,165,201,186,178,212,214,194,183,226,171,176,166,176,155,208,205,188,172,172,147,143,173,145,175,177,183,150,140,180,152,182,179,180,140,190,180,183,194,180,160,192,176,204,153,191,192,185,188,193,155,216,161,213,144,220,188,195,158,202,186,234,178,155,184,210,169,167,200,199,123,171,206,171,150,173,162,177,181,161,189,177,152,196,168,152,142,160,187,197,167,124,186,185,202,213,159,176,206,162,185,184,208,181,191,154,192,162,171,182,172,202,158,162,187,182,175,140,170,201,193,187,147,161,194,166,184,198,210,180,180,173,184,164,195,188,192,158,201,165,178,187,157,186,173,196,181,172,186,161,189,190,161,180,210,175,152,182,166,179,189,177,147,193,197,176,171,174,158,181,212,224,168,179,195,171,193,178,174,154,191,189,139,169,180,183,154,178,185,172,169,161,162,188,195,191,196,239,183,183,177,204,194,196,168,223,184,177,192,203,174,174,200,181,157,199,192,226,188,192,123,193,201,168,217,171,156,187,145,192,183,151,161,174,200,169,175,200,160,175,162,144,203,174,168,174,160,178,157,155,189,185,190,225,197,153,195,133,206,148,168,211,177,192,143,212,201,160,144,206,177,163,197,169,153,198,154,172,201,174,164,162,175,174,216,178,178,171,158,192,193,181,163,154,180,181,209,173,186,196,161,173,168,224,176,172
167,154,162,199,132,163,193,157,139,111,167,194,167,135,154,155,136,125,179,195,158,56,44,61,40,53,54,37,64,36,51,80,59,49,66,62,48,45,41,59,73,51,77,34,38,47,51,47,58,51,36,38,48,66,26,40,49,48,48,58,60,61,55,48,53,70,45,66,4,5,5,7,9,6,4,8,6,7,5,6,6,3,5,8,3,7,6,6,3,6,2,8,3,6,9,5,7,4,5,5,3,5,10,2,10,5,9,5,6,4,3,3,4,7,4,6,5,4,4,3,10,7,6,6,8,7,6,5,7,7,9,7,5,8,5,4,4,5,5,8,9,8,6,8,8,6,8,7,6,6,9,4,9,2,7,6,6,8,5,4,9,6,7,9,4,8,5,6,7,8,6,4,8,5,5,4,8,5,6,4,6,7,8,4,8,5,4,6,6,2,6,4,3,4,7,5,5,7,4,3,7,4,8,5,4,6,4,4,7,7,7,8,4,3,5,3,5,7,7,340,337,392,321,357,266,340,305,370,439,448,363,358,406,413,379,335,373,351,448,385,329,306,349,433,321,288,301,190,157,193,117,184,172,128,209,174,207,188,150,168,173,124,205,186,234,161,113,145,184,179,174,206,177,156,216,161,196,165,132,259,148,178,210,170,163,186,165,219,159,105,122,202,143,209,219,198,189,175,224,143,208,197,135,184,186,207,162,129,230,223,165,162,132,182,209,177,169,141,218,225,196,168,190,205,155,137,156,215,180,154,197,204,150,190,172,245,167,128,174,172,130,141,160,199,165,187,176,159,192,154,213,158,207,179,156,173,178,199,155,193,149,179,195,211,191,165,159,190,181,168,188,219,153,220,215,196,258,168,176,229,173,166,146,201,187,161,163,177,169,224,270,155,163,148,131,207,193,138,139,199,198,194,165,123,193,205,167,166,178,159,192,179,192,155,207,180,190,219,227,225,176,242,167,203,159,161,139,214,214,192,161,155,116,120,168,153,163,176,177,119,128,172,147,172,167,172,145,188,171,173,199,171,135,191,174,215,167,194,199,182,188,203,161,224,142,233,113,247,180,197,135,209,187,256,182,136,174,217,179,154,200,199,115,162,210,158,131,159,142,164,175,150,184,175,165,208,151,157,146,148,189,213,164,106,182,190,209,242,146,166,210,152,182,189,223,169,187,159,191,147,153,175,165,210,144,142,191,172,169,115,155,207,188,190,157,155,194,146,175,212,220,167,169,162,183,185,196,195,188,136,209,143,164,188,138,188,155,194,183,157,177,136,195,194,150,173,229,159,144,181,149,166,187,166,117,204,206,166,152,162,141,173,229,243,175,174,192,165,197,178,167,139,190,192,123,154,168,177,126,163,175,169,149,142,153,182,193,189,198,267,188,182,175,219,194,207,161,239,183,174,197,206,160,169,201,183,173,204,193,256,192,187,96,196,216,157,232,167,162,183,119,200,179,121,154,163,208,162,160,211,140,164,142,141,235,167,149,163,134,164,134,139,191,176,190,245,205,133,193,124,216,118,161,232,168,188,146,221,214,146,152,217,163,179,200,154,160,207,135,169,216,156,149,152,182,170,231,165,175,191,175,193,199,175,140,138,173,178,221,169,187,194,135,161,156,253,162,160
200,189,191,238,154,193,231,187,167,134,200,231,196,159,182,184,160,153,213,234,189,55,41,61,37,52,54,32,68,31,50,84,64,46,68,62,47,44,37,60,76,50,78,29,33,45,48,46,59,49,31,36,45,66,19,35,48,46,46,58,60,62,54,46,52,71,43,67,3,5,6,8,10,6,3,9,6,7,5,6,6,3,4,9,3,9,6,6,2,7,1,9,3,6,10,5,7,4,5,5,2,4,12,1,12,5,10,6,6,4,2,3,3,8,3,7,5,3,4,2,11,8,6,6,9,8,7,6,8,8,11,8,5,9,5,4,4,4,5,9,10,8,7,9,8,7,9,7,6,6,10,4,11,0,8,7,7,8,5,4,11,7,8,11,3,9,5,6,8,9,6,3,9,5,5,4,9,5,6,4,6,7,9,3,9,5,4,7,7,1,6,4,2,4,7,5,5,7,3,2,8,4,10,5,4,7,4,4,7,8,8,9,4,2,5,2,5,7,7,356,363,422,325,393,269,359,320,416,470,483,382,383,440,439,401,349,391,359,483,410,363,337,361,466,331,300,329,185,150,191,103,186,169,119,209,167,207,182,140,170,172,113,206,181,239,173,96,147,187,175,166,214,169,165,223,164,195,159,121,267,138,174,214,167,153,183,159,223,155,91,110,202,134,214,222,197,189,187,228,130,207,195,124,178,181,208,166,113,234,229,157,156,123,178,214,173,180,130,223,231,192,178,190,203,143,128,147,215,173,145,196,203,138,188,165,251,158,112,167,166,115,126,159,197,156,187,174,153,194,143,211,153,210,175,145,167,174,201,144,192,139,172,196,217,190,159,156,185,177,162,199,221,142,227,218,198,266,171,173,234,180,162,138,198,181,159,156,175,167,226,281,144,156,140,119,210,196,123,124,197,196,194,157,105,194,203,164,160,171,154,189,176,188,151,208,176,197,220,233,244,171,247,166,223,154,150,131,214,216,192,152,143,97,109,166,165,156,175,173,101,125,166,148,164,158,165,154,185,164,165,200,164,119,189,174,219,180,195,204,178,187,208,169,225,130,244,96,261,174,196,123,211,187,264,185,126,165,218,186,147,199,196,116,157,209,150,121,151,131,154,170,145,180,175,176,214,142,164,152,141,190,221,163,100,177,192,210,258,139,160,207,147,178,190,228,161,183,167,188,137,141,170,161,212,137,129,193,163,164,102,145,207,183,189,168,152,192,133,166,218,225,159,160,155,182,202,195,198,183,124,212,129,156,188,127,189,143,191,184,146,171,121,198,194,144,167,238,149,141,181,139,157,185,160,100,209,209,159,140,155,132,167,237,251,181,170,189,163,199,179,163,132,188,192,115,145,160,172,110,154,168,168,138,131,148,176,189,187,196,279,190,180,174,225,191,213,156,245,182,171,199,205,150,166,197,183,187,204,192,271,193,182,85,196,223,150,238,165,170,179,105,203,176,103,151,155,210,158,148,215,129,157,130,143,253,164,136,156,120,155,120,131,191,168,187,253,207,123,188,124,218,102,157,242,160,183,152,222,221,137,161,222,154,193,200,145,167,209,124,167,224,144,141,146,186,167,237,156,173,207,190,192,201,170,126,131,167,176,224,168,186,190,121,154,150,267,152,153
74,66,74,84,68,74,81,71,65,55,74,82,76,66,71,72,67,58,78,82,72,42,37,43,36,40,40,37,39,37,38,47,35,41,42,43,38,37,37,41,45,40,47,37,38,37,41,38,40,40,36,35,40,45,35,38,39,38,38,40,41,41,42,40,40,45,38,43,7,8,6,6,8,8,7,9,8,8,7,7,8,7,7,9,7,6,8,8,7,8,7,9,6,8,9,7,8,7,7,7,7,8,9,7,9,7,9,7,8,7,7,7,7,8,7,8,6,7,6,7,9,7,8,7,8,8,8,7,8,8,8,8,8,9,8,7,7,7,7,9,9,8,8,8,8,8,8,8,8,7,9,7,9,7,8,8,7,8,7,7,9,7,7,8,7,8,8,7,8,8,8,7,8,7,7,7,9,7,8,7,7,8,8,7,9,6,7,7,8,5,8,6,7,7,8,8,8,8,7,7,8,7,9,8,7,6,7,7,8,8,7,8,7,6,7,6,8,8,8,328,309,340,326,285,295,320,280,290,348,363,315,298,341,340,341,327,322,339,343,339,265,257,341,332,302,280,265,199,174,193,165,182,184,163,202,193,200,196,177,170,178,161,197,196,212,146,167,153,178,190,193,184,192,150,194,162,196,186,163,220,179,187,196,181,187,191,185,200,175,156,167,195,173,193,202,193,190,155,204,181,203,200,170,194,196,198,161,175,210,198,183,179,165,190,191,184,154,174,199,201,200,153,188,202,186,166,181,206,194,182,197,203,184,193,186,215,189,175,187,186,173,181,164,201,189,187,183,178,184,184,205,173,195,189,187,185,187,190,184,194,181,192,190,193,189,179,175,198,189,184,163,204,182,193,199,188,220,168,185,207,161,180,175,199,196,176,182,185,177,207,225,185,182,174,169,196,184,179,178,200,201,190,182,173,189,203,176,185,193,172,190,185,197,173,200,189,172,208,207,178,188,213,175,162,174,187,167,204,203,189,183,185,172,161,177,143,183,181,188,173,151,187,157,189,189,187,140,191,185,190,190,185,178,193,179,197,148,190,188,188,189,187,153,207,174,203,165,205,192,195,173,199,185,220,178,171,192,208,162,175,200,200,135,181,206,183,163,182,179,189,187,173,192,179,149,190,180,152,145,170,190,190,169,140,190,185,201,195,168,185,203,171,188,184,199,193,195,153,193,174,185,189,179,201,168,176,183,190,182,159,180,198,197,187,145,168,194,181,190,192,202,189,190,183,186,154,194,187,195,173,197,180,188,187,172,182,184,198,181,186,193,177,186,189,172,187,198,184,160,182,177,189,190,185,169,188,193,184,185,184,172,187,203,211,169,181,196,175,193,181,179,169,193,190,152,182,190,187,174,186,191,177,183,178,173,193,198,193,196,222,184,185,179,194,196,193,175,215,188,184,191,202,186,176,199,184,150,198,194,208,184,195,145,192,195,176,208,176,155,190,164,187,188,174,168,183,199,174,186,195,176,184,176,151,183,180,184,185,176,186,173,165,189,193,192,213,195,170,198,144,201,167,175,198,184,197,146,205,192,172,144,199,188,156,197,180,154,194,171,179,195,185,176,172,171,179,206,187,182,163,150,191,190,187,180,167,184,187,203,177,185,199,175,182,179,208,186,183
112,102,112,130,98,111,126,108,98,82,112,127,114,98,107,108,98,88,119,127,108,57,48,60,45,54,54,45,57,45,51,69,52,53,60,60,50,49,47,57,65,54,68,45,47,49,54,50,56,53,44,45,52,62,40,48,51,51,50,56,57,57,56,52,54,64,49,61,5,6,5,6,7,6,5,7,6,6,5,6,6,5,5,7,5,6,6,6,5,6,4,7,5,6,7,6,6,5,6,5,4,5,8,4,8,5,7,6,6,5,4,5,5,7,5,6,5,5,4,5,8,6,6,6,7,7,6,5,6,7,7,7,6,7,6,5,5,5,5,7,7,7,6,7,7,6,7,6,6,6,7,5,8,4,7,6,6,7,5,5,8,6,6,7,5,7,6,5,7,7,6,5,7,5,6,5,7,6,6,5,5,6,7,5,7,5,5,6,6,4,6,5,5,5,6,6,6,6,5,5,7,5,7,6,5,5,5,5,6,6,6,7,5,5,5,4,6,7,7,349,335,376,338,309,301,342,290,332,376,408,330,317,381,361,371,343,338,361,378,372,290,274,358,363,308,282,290,193,169,192,147,183,178,151,203,183,199,191,168,168,175,149,198,189,215,152,148,150,178,184,183,191,185,151,201,162,193,177,153,230,167,183,199,176,178,188,176,204,169,139,151,197,162,196,207,194,188,162,209,168,202,196,156,189,191,199,162,159,213,205,176,172,152,185,195,181,159,162,204,208,196,159,187,200,173,156,171,207,186,170,194,200,170,190,179,222,180,158,182,180,157,165,163,198,179,186,179,171,186,172,206,168,197,184,174,180,183,192,174,193,167,186,190,196,189,174,168,194,185,177,173,206,171,201,204,188,230,169,181,211,166,174,163,199,191,169,175,180,174,211,236,172,175,164,156,197,187,163,165,198,196,190,177,155,189,202,172,176,187,168,191,182,193,166,199,185,179,209,211,192,183,221,172,176,167,177,157,205,203,187,173,173,151,147,173,148,176,177,183,153,144,180,155,182,180,180,144,189,180,183,192,180,162,190,176,202,156,190,190,186,187,192,158,212,163,209,147,216,187,193,160,200,186,229,178,157,184,207,169,169,198,197,129,172,203,173,153,173,164,178,181,162,188,177,155,194,169,155,146,162,186,196,167,129,186,184,200,210,160,176,204,164,185,184,206,181,190,156,190,164,172,182,173,201,160,163,186,183,176,144,171,199,192,187,150,163,193,168,183,197,207,180,180,174,184,165,193,187,191,161,198,167,178,186,159,185,174,194,180,173,185,164,188,189,162,180,207,175,155,181,167,180,188,177,150,193,196,177,172,175,160,181,208,220,169,179,193,172,192,179,175,157,191,188,143,170,179,183,157,177,184,173,169,163,164,188,193,190,195,233,183,183,177,202,193,194,169,219,184,178,191,201,174,174,198,181,159,197,191,221,188,190,129,191,199,168,213,172,158,186,148,191,182,154,163,175,198,170,176,199,163,176,164,148,200,174,169,174,161,179,160,156,189,184,189,221,195,156,193,138,204,151,169,207,177,191,146,210,198,162,147,204,177,165,196,169,156,197,157,173,200,175,165,164,176,175,212,179,179,171,160,191,191,181,164,157,180,181,207,173,186,194,163,173,169,220,177,173
163,151,159,192,132,159,186,154,139,113,163,187,163,135,151,153,136,126,173,188,155,56,45,60,41,52,54,38,63,38,51,77,58,49,64,61,49,46,42,59,71,51,74,36,39,47,51,48,57,51,37,40,48,64,29,41,50,48,48,57,59,60,55,48,53,68,46,64,4,5,5,7,9,6,4,8,6,7,5,6,6,4,5,8,4,7,6,6,4,7,3,8,4,6,9,6,7,5,5,5,3,5,10,3,10,5,9,6,6,5,3,4,4,7,4,7,5,4,4,3,10,7,6,6,8,7,6,6,7,8,9,8,5,8,6,4,5,5,5,8,9,8,7,8,8,7,8,7,6,6,9,4,9,2,7,6,6,8,5,5,9,6,7,9,4,8,6,6,7,8,6,4,8,5,5,5,8,6,6,5,6,7,8,4,8,5,5,6,7,3,7,5,4,5,7,5,5,7,4,4,8,5,8,5,5,6,5,4,7,7,7,8,5,4,5,3,6,7,7,341,340,386,323,356,274,340,309,367,429,437,360,355,399,406,374,336,370,350,437,382,332,309,350,422,323,294,306,189,159,192,124,184,173,134,205,175,203,186,153,169,174,130,202,185,228,163,120,149,183,179,174,203,177,158,213,163,194,167,136,250,152,178,206,172,165,185,167,214,161,114,128,200,147,206,215,196,188,175,219,148,204,195,139,183,185,203,165,135,224,218,167,163,137,181,205,178,170,146,214,220,194,169,188,202,157,141,158,210,179,157,195,201,154,188,173,237,169,134,174,172,135,145,162,197,166,186,176,162,191,157,208,160,203,179,158,173,178,197,158,192,152,180,194,207,189,166,162,189,180,169,186,214,156,214,211,193,249,169,177,223,173,167,150,198,186,163,165,177,170,218,260,157,165,151,136,203,191,142,144,198,196,192,166,129,191,202,168,167,178,161,190,179,190,158,204,181,189,215,222,219,177,235,169,201,161,162,144,209,209,190,162,157,123,127,170,156,165,176,178,126,134,173,151,173,168,172,148,186,172,174,196,171,139,190,175,211,169,193,197,182,187,200,163,219,146,227,120,240,180,194,141,206,187,247,181,140,174,213,178,157,199,197,122,164,206,161,136,161,147,166,175,153,184,176,166,204,155,160,149,151,188,209,166,114,182,189,205,235,149,167,206,155,181,187,218,170,186,162,189,150,156,176,166,206,148,146,190,172,170,122,158,203,187,188,159,157,192,150,175,208,216,169,170,164,183,184,194,193,186,141,205,147,166,188,142,187,157,192,182,159,178,141,193,192,153,173,223,161,148,181,153,168,186,168,124,202,203,167,155,165,146,173,223,236,176,175,191,167,195,179,168,143,189,190,129,157,169,177,132,166,176,170,153,146,156,182,191,188,195,258,186,182,175,214,192,204,163,232,182,175,195,203,162,169,197,182,174,200,192,247,191,185,106,194,211,159,226,168,164,183,126,197,179,127,157,164,204,163,161,207,145,166,146,145,228,169,152,165,140,166,138,144,190,176,188,237,201,138,191,130,212,125,164,225,169,186,149,216,210,149,155,213,165,179,198,157,162,203,140,170,212,159,152,154,181,171,225,167,175,190,176,192,196,175,143,143,173,178,216,171,186,191,141,163,158,244,164,162
200,189,191,238,154,193,231,187,167,134,200,231,196,159,182,184,160,153,213,234,189,55,41,61,37,52,54,32,68,31,50,84,64,46,68,62,47,44,37,60,76,50,78,29,33,45,48,46,59,49,31,36,45,66,19,35,48,46,46,58,60,62,54,46,52,71,43,67,3,5,6,8,10,6,3,9,6,7,5,6,6,3,4,9,3,9,6,6,2,7,1,9,3,6,10,5,7,4,5,5,2,4,12,1,12,5,10,6,6,4,2,3,3,8,3,7,5,3,4,2,11,8,6,6,9,8,7,6,8,8,11,8,5,9,5,4,4,4,5,9,10,8,7,9,8,7,9,7,6,6,10,4,11,0,8,7,7,8,5,4,11,7,8,11,3,9,5,6,8,9,6,3,9,5,5,4,9,5,6,4,6,7,9,3,9,5,4,7,7,1,6,4,2,4,7,5,5,7,3,2,8,4,10,5,4,7,4,4,7,8,8,9,4,2,5,2,5,7,7,356,363,422,325,393,269,359,320,416,470,483,382,383,440,439,401,349,391,359,483,410,363,337,361,466,331,300,329,185,150,191,103,186,169,119,209,167,207,182,140,170,172,113,206,181,239,173,96,147,187,175,166,214,169,165,223,164,195,159,121,267,138,174,214,167,153,183,159,223,155,91,110,202,134,214,222,197,189,187,228,130,207,195,124,178,181,208,166,113,234,229,157,156,123,178,214,173,180,130,223,231,192,178,190,203,143,128,147,215,173,145,196,203,138,188,165,251,158,112,167,166,115,126,159,197,156,187,174,153,194,143,211,153,210,175,145,167,174,201,144,192,139,172,196,217,190,159,156,185,177,162,199,221,142,227,218,198,266,171,173,234,180,162,138,198,181,159,156,175,167,226,281,144,156,140,119,210,196,123,124,197,196,194,157,105,194,203,164,160,171,154,189,176,188,151,208,176,197,220,233,244,171,247,166,223,154,150,131,214,216,192,152,143,97,109,166,165,156,175,173,101,125,166,148,164,158,165,154,185,164,165,200,164,119,189,174,219,180,195,204,178,187,208,169,225,130,244,96,261,174,196,123,211,187,264,185,126,165,218,186,147,199,196,116,157,209,150,121,151,131,154,170,145,180,175,176,214,142,164,152,141,190,221,163,100,177,192,210,258,139,160,207,147,178,190,228,161,183,167,188,137,141,170,161,212,137,129,193,163,164,102,145,207,183,189,168,152,192,133,166,218,225,159,160,155,182,202,195,198,183,124,212,129,156,188,127,189,143,191,184,146,171,121,198,194,144,167,238,149,141,181,139,157,185,160,100,209,209,159,140,155,132,167,237,251,181,170,189,163,199,179,163,132,188,192,115,145,160,172,110,154,168,168,138,131,148,176,189,187,196,279,190,180,174,225,191,213,156,245,182,171,199,205,150,166,197,183,187,204,192,271,193,182,85,196,223,150,238,165,170,179,105,203,176,103,151,155,210,158,148,215,129,157,130,143,253,164,136,156,120,155,120,131,191,168,187,253,207,123,188,124,218,102,157,242,160,183,152,222,221,137,161,222,154,193,200,145,167,209,124,167,224,144,141,146,186,167,237,156,173,207,190,192,201,170,126,131,167,176,224,168,186,190,121,154,150,267,152,153
58,51,60,66,56,59,63,57,53,45,58,64,61,54,58,58,55,47,61,64,57,23,21,23,20,21,21,21,20,21,21,23,17,22,22,24,21,20,21,21,22,22,23,22,22,21,22,22,20,22,20,20,22,23,22,23,22,22,22,20,22,21,23,21,22,23,21,21,7,7,6,6,7,7,8,8,8,8,7,7,7,7,7,8,8,6,8,7,7,7,7,8,7,8,8,7,7,7,7,6,7,8,7,7,8,7,7,7,7,7,7,7,7,7,7,7,6,7,5,7,8,6,7,7,8,8,8,7,7,8,7,8,8,8,7,7,7,7,7,8,8,8,7,7,8,7,8,7,8,7,7,7,8,7,8,7,7,8,7,7,8,7,7,7,7,8,8,6,8,8,7,7,7,7,7,7,8,7,8,7,6,7,7,7,8,6,7,7,8,6,8,6,7,7,8,8,8,7,7,7,8,7,8,8,7,6,7,7,8,7,6,7,7,7,7,7,7,7,8,308,298,328,316,250,300,304,265,271,294,322,290,278,323,291,319,317,301,309,302,311,242,238,336,278,276,269,245,194,187,194,181,182,187,179,205,203,198,201,192,171,185,178,196,205,212,146,185,159,181,194,204,181,199,148,181,166,197,197,178,204,190,194,196,191,194,194,200,187,180,175,181,199,186,181,191,196,185,147,192,192,204,202,190,197,199,195,163,191,209,197,191,190,180,199,187,182,152,175,187,187,201,141,193,205,197,177,191,196,199,190,197,202,199,199,195,217,196,196,183,196,186,193,166,202,196,193,188,188,185,199,196,177,191,191,196,195,196,193,196,187,190,197,191,188,184,184,185,192,196,199,148,193,202,186,201,185,203,173,180,202,158,190,192,195,200,182,195,190,179,206,212,200,193,187,175,187,184,196,192,200,209,190,189,191,193,195,180,197,193,177,193,187,204,177,194,187,161,200,198,156,194,199,187,141,178,196,177,203,200,194,195,195,194,178,185,144,191,182,191,197,160,194,163,204,200,195,138,193,191,196,189,190,191,194,185,188,141,190,184,197,189,187,153,196,191,185,186,194,202,195,186,200,192,204,179,190,191,208,158,182,207,201,145,185,200,192,175,190,189,196,196,187,202,181,135,191,193,153,148,177,195,176,181,151,192,189,199,174,177,197,195,183,193,187,187,200,205,155,191,177,197,195,190,198,178,186,181,196,186,177,183,196,200,189,141,177,195,198,196,191,197,201,203,191,192,144,196,191,202,193,186,192,202,196,183,174,189,206,187,201,199,191,189,191,180,194,182,198,165,175,195,196,197,192,183,188,199,190,194,195,186,187,198,195,172,184,204,184,192,187,188,180,194,194,163,190,202,191,194,199,196,185,199,192,184,202,205,194,188,202,189,192,181,180,189,188,179,204,192,193,199,206,200,179,201,185,146,199,200,190,176,203,165,184,189,188,201,182,151,192,186,177,183,193,173,194,202,178,195,197,186,190,187,159,161,191,195,200,194,194,185,180,189,203,193,196,188,189,205,148,198,187,178,193,190,201,144,203,187,186,140,187,201,157,196,194,160,190,185,184,189,186,184,176,178,177,204,194,191,146,143,197,194,197,198,174,197,190,198,186,189,206,194,194,184,190,200,199
73,66,74,83,67,73,80,71,65,54,72,81,76,66,71,71,66,58,77,81,71,44,38,44,36,39,39,37,40,36,40,47,35,40,44,45,39,37,37,38,44,41,44,37,40,39,38,40,37,42,35,36,39,44,37,41,40,40,40,37,43,40,43,37,41,44,39,40,7,7,6,6,8,7,8,8,8,8,8,8,8,7,8,8,8,6,8,8,7,7,7,9,7,8,8,8,8,7,7,6,7,8,8,7,9,7,8,7,8,7,6,6,7,8,7,8,6,7,6,7,9,7,7,8,8,8,8,7,7,9,8,9,8,9,7,6,8,7,7,8,9,8,7,8,8,8,8,8,8,8,8,7,9,7,8,8,8,9,7,7,9,8,7,8,6,9,8,7,8,9,8,7,8,8,8,7,8,8,8,7,7,8,7,7,8,7,7,8,8,6,8,7,7,7,8,8,8,7,8,7,9,7,8,8,8,7,7,7,8,7,7,8,7,6,7,7,7,7,9,324,311,353,322,278,308,315,292,309,326,341,310,316,351,316,336,329,331,314,340,332,284,269,361,309,298,288,267,182,183,191,166,180,181,172,207,199,197,193,184,168,184,169,195,202,220,155,169,159,186,188,200,186,193,151,178,168,194,192,171,204,181,189,202,190,183,189,198,182,173,165,168,200,179,177,186,195,177,151,188,178,204,198,184,190,193,194,164,176,214,204,184,186,174,199,188,171,159,157,183,185,198,137,194,203,187,167,182,188,192,180,193,199,190,199,192,229,186,183,170,194,170,178,161,199,186,195,186,184,186,189,188,170,192,186,184,192,193,195,186,177,178,190,191,191,178,175,184,180,194,198,147,188,196,189,207,185,203,174,167,204,158,187,189,187,193,177,190,186,174,209,221,194,189,183,158,183,186,185,176,196,210,187,180,175,195,186,174,193,181,170,191,183,202,169,188,177,156,195,196,161,189,197,189,146,170,185,169,202,200,196,190,182,181,170,184,151,184,179,184,187,152,189,160,203,195,192,137,188,183,187,188,182,175,190,185,185,145,187,184,196,186,193,155,191,183,185,174,203,199,192,174,201,194,203,179,185,175,209,161,172,209,198,144,177,194,184,165,180,176,185,194,187,201,176,132,199,186,155,152,168,198,172,184,142,186,191,198,179,170,193,186,180,189,190,182,190,204,159,182,163,187,191,188,197,170,173,179,186,179,166,168,196,193,189,146,177,191,189,188,198,199,195,197,184,193,151,195,195,200,186,179,177,197,201,170,166,173,206,190,194,191,175,194,191,174,188,181,192,158,165,191,186,197,183,166,193,207,182,182,190,181,176,205,194,178,178,205,183,190,188,188,171,190,195,154,178,196,185,183,194,187,185,192,183,180,199,205,190,179,205,193,192,176,177,179,190,172,204,189,192,205,208,195,174,196,185,155,200,202,196,168,201,154,175,193,185,205,178,151,187,178,171,171,176,166,189,207,172,183,204,173,181,174,160,166,188,182,198,182,183,170,174,186,199,188,196,184,184,205,142,198,176,171,203,182,195,143,202,190,180,142,182,196,170,194,189,168,190,177,180,192,169,173,168,185,168,211,183,191,147,149,199,199,195,188,164,198,184,199,186,188,205,184,191,175,196,195,197
111,102,110,129,97,110,123,108,97,79,109,125,113,96,107,106,97,87,116,125,107,61,49,62,46,52,53,46,59,43,55,68,51,52,64,64,53,49,48,51,64,56,61,44,51,52,47,53,48,57,43,46,51,61,44,54,54,54,54,48,60,56,59,46,57,62,53,53,5,6,5,5,7,5,6,6,6,6,6,7,6,5,6,7,5,6,6,6,5,6,5,8,5,7,7,6,7,5,5,4,5,6,7,4,7,6,6,5,6,6,4,4,5,6,5,6,5,5,4,5,7,6,6,6,7,7,6,6,6,7,8,7,6,7,5,5,6,5,6,7,8,7,5,6,7,6,7,6,6,6,6,5,7,5,6,6,6,7,5,6,7,6,6,6,5,7,6,5,7,8,6,5,7,6,6,6,6,6,7,5,5,6,6,5,7,5,6,6,6,4,6,5,5,5,6,6,6,5,6,5,7,5,6,6,6,5,6,5,7,5,5,6,6,4,5,5,5,6,7,343,336,391,332,301,319,332,306,358,339,373,322,345,394,325,365,343,348,324,369,363,318,291,386,329,301,295,293,167,182,188,150,179,174,164,210,193,195,187,179,164,186,159,194,200,229,166,150,162,192,180,193,194,187,154,174,172,190,187,167,205,170,185,209,190,172,184,198,177,165,152,153,204,173,170,181,197,169,156,184,163,204,193,179,183,187,193,165,162,221,215,178,182,166,198,191,162,167,136,177,181,192,133,197,202,176,159,174,180,183,167,190,194,181,200,188,243,177,171,156,192,154,161,160,194,175,199,182,181,188,180,179,164,193,181,170,191,194,200,175,167,164,183,193,192,170,168,182,167,193,199,147,180,194,195,216,184,204,179,155,207,162,185,185,180,186,171,186,183,170,212,232,186,183,177,138,179,189,174,161,191,209,186,172,158,197,175,169,189,167,164,193,178,201,161,181,167,152,190,192,167,184,196,193,151,162,173,160,201,198,198,184,170,165,160,184,159,178,174,177,175,147,182,157,204,189,187,140,185,176,179,189,176,158,186,184,184,150,186,185,199,183,202,160,185,177,183,161,212,197,189,162,203,199,202,181,179,158,210,166,164,210,193,143,167,185,175,155,169,160,172,192,185,202,174,129,208,180,158,156,158,200,170,190,132,181,194,196,183,163,186,177,178,187,194,180,177,203,167,172,146,174,184,186,194,162,160,180,176,172,155,153,195,188,189,152,176,188,181,180,207,204,190,191,177,194,160,196,201,198,182,173,161,192,208,155,160,155,204,194,186,182,159,198,192,165,183,181,189,152,155,189,175,199,173,147,201,217,174,168,185,174,162,211,193,182,175,206,182,188,189,189,160,186,195,146,165,190,179,170,191,178,186,183,172,176,198,204,183,169,206,196,193,171,175,166,190,165,201,185,191,212,212,188,171,194,183,168,199,204,203,161,201,142,165,195,182,209,175,152,182,170,165,156,157,160,185,212,166,171,212,157,170,160,162,175,188,166,197,170,175,155,170,184,195,184,194,177,178,204,134,200,163,163,216,174,187,143,205,194,176,144,177,191,186,192,183,178,190,168,176,196,148,161,158,197,156,219,173,192,146,157,204,205,194,178,151,201,177,200,187,188,204,177,187,163,201,189,195
160,151,156,190,130,157,180,155,137,109,157,181,160,132,150,149,134,123,167,184,152,61,46,64,42,50,51,40,66,35,57,75,56,48,70,67,53,47,43,50,69,55,62,35,46,52,40,53,46,57,36,41,46,63,35,51,53,53,54,46,63,58,59,40,59,66,52,53,4,5,6,7,8,5,5,6,7,5,6,7,6,5,6,8,5,7,7,6,3,5,4,9,5,7,8,7,8,4,5,3,4,6,8,3,9,6,7,5,6,6,3,4,5,6,4,6,6,4,5,4,8,6,6,7,8,7,7,7,6,9,10,8,5,8,4,4,6,5,6,8,10,7,5,7,7,6,8,7,6,7,7,4,9,4,6,7,7,8,5,6,9,7,8,7,4,8,6,6,8,10,7,5,8,6,6,6,6,6,7,4,6,7,6,4,8,6,6,7,7,4,6,5,5,4,7,5,5,5,6,3,8,4,7,6,5,6,6,4,8,5,5,7,6,3,5,4,4,5,8,331,342,410,315,343,301,326,333,407,375,384,350,395,415,352,365,339,384,297,425,368,373,334,390,369,314,313,308,150,180,186,129,179,167,155,218,191,197,180,170,164,189,147,196,202,248,184,126,165,203,174,190,207,181,163,172,179,188,184,157,209,156,182,221,192,156,179,200,174,155,135,134,211,164,165,174,200,160,167,179,142,207,190,174,174,180,195,169,140,236,233,170,180,158,202,199,149,182,107,174,179,188,130,205,205,161,146,162,171,174,152,190,191,169,205,184,269,163,156,135,193,130,140,156,191,161,207,180,178,194,170,169,155,198,173,153,190,194,209,162,153,147,173,198,201,161,158,182,149,193,203,147,174,190,205,231,188,208,186,138,216,167,184,184,170,179,167,181,181,164,221,252,178,177,172,109,175,195,158,138,188,216,185,160,134,204,162,162,188,150,155,194,173,203,149,175,152,148,186,193,179,180,194,202,160,152,158,148,203,204,205,178,152,145,148,186,173,170,170,168,160,138,177,155,205,184,185,143,180,166,168,190,166,134,184,187,182,159,186,188,203,181,216,168,178,168,186,142,232,196,188,145,209,206,207,186,174,135,216,173,152,218,191,144,155,178,165,141,155,141,157,191,187,205,170,127,224,171,164,166,146,209,169,198,119,176,204,198,194,153,184,166,176,185,204,177,165,206,177,161,122,160,179,187,198,152,141,181,163,164,140,131,197,181,192,164,178,187,171,169,224,210,185,186,168,198,176,198,213,199,175,166,139,187,220,137,148,129,208,203,180,173,135,209,196,158,177,183,182,143,142,186,162,202,162,120,213,235,161,150,180,167,145,226,196,196,169,211,182,189,195,189,148,182,202,133,149,186,171,153,187,167,191,174,159,172,197,207,180,156,216,206,197,167,174,151,197,157,203,187,195,228,218,183,164,191,186,186,205,211,218,151,202,128,154,206,180,219,172,156,177,159,157,140,133,151,180,224,159,156,227,136,157,142,166,188,189,147,199,152,161,133,165,184,192,178,197,173,172,207,125,205,147,154,237,164,181,145,210,203,170,149,172,186,213,192,178,196,193,157,173,206,119,147,147,215,143,236,158,196,150,170,211,216,196,165,135,206,172,206,191,189,208,163,184,150,215,185,196
195,186,186,235,149,190,221,187,164,128,191,223,192,155,180,178,157,149,203,228,184,62,43,65,39,48,50,34,72,28,58,81,61,44,75,69,53,45,39,50,73,54,63,27,41,51,33,52,44,57,30,37,42,64,27,48,52,52,54,43,66,59,60,35,60,69,50,52,3,5,7,8,9,4,5,6,8,5,6,8,6,4,5,8,4,8,7,6,2,5,3,10,4,8,8,7,8,4,5,2,3,5,10,2,10,6,8,5,6,7,2,2,5,6,3,7,7,3,4,2,9,7,6,7,9,7,7,7,6,11,12,10,5,9,2,3,5,5,6,9,12,8,4,7,8,6,9,7,6,7,7,3,10,2,6,8,7,9,5,6,11,8,9,8,3,9,6,7,8,12,7,5,9,6,6,6,6,7,8,3,6,7,7,3,9,6,6,8,7,3,6,5,4,3,6,5,4,4,6,2,10,3,8,6,5,7,6,3,8,5,5,7,6,2,4,3,3,5,9,344,367,453,314,373,301,341,350,467,399,415,369,432,459,369,387,352,408,294,468,391,414,366,414,398,318,323,332,134,178,184,110,177,161,147,224,188,199,174,162,164,193,136,197,202,264,200,103,168,213,168,187,218,175,170,171,185,187,180,150,214,144,179,234,195,142,175,202,170,149,120,116,218,156,162,168,201,152,175,174,124,211,186,169,166,174,195,171,119,248,249,163,178,150,205,205,138,197,81,170,178,184,126,211,208,149,135,152,162,166,139,189,191,160,209,182,292,151,141,116,194,110,120,152,189,148,214,179,175,200,160,159,147,202,168,138,189,194,217,150,139,132,165,202,208,153,149,183,133,193,205,147,168,186,214,244,190,212,192,121,225,172,183,182,161,174,164,177,181,160,230,271,172,172,168,84,172,200,145,117,186,223,186,149,112,210,151,157,187,135,147,195,169,205,139,170,139,145,183,194,190,176,193,209,170,143,144,138,205,208,213,173,136,127,137,189,186,162,167,161,146,131,171,154,207,179,182,146,177,157,157,192,157,113,180,190,182,168,187,191,206,180,227,174,173,159,190,125,252,195,187,129,214,214,210,190,170,114,223,179,140,226,188,144,145,172,155,128,144,124,143,191,190,206,167,125,240,164,169,173,135,216,169,207,108,170,212,201,205,144,181,155,175,183,211,175,153,209,187,152,101,147,175,188,200,144,123,182,152,157,126,109,199,175,194,173,180,185,161,159,239,216,181,182,160,203,189,201,225,199,168,159,119,184,232,121,137,106,212,211,173,164,115,219,199,150,172,185,177,134,129,183,150,205,153,94,225,252,151,133,176,160,130,240,197,208,162,216,184,190,200,190,138,181,208,122,134,181,165,138,182,157,196,166,148,170,197,210,176,144,226,217,201,162,173,139,205,149,206,187,198,242,225,177,159,189,189,204,209,218,232,141,203,115,144,214,178,229,170,158,172,150,150,125,110,144,176,236,151,141,242,118,146,124,170,200,190,129,200,137,147,114,160,183,190,174,200,170,167,210,117,209,131,147,258,154,176,145,214,212,165,154,169,182,236,193,173,211,197,146,172,215,93,134,135,230,131,252,144,199,154,182,218,227,198,155,119,211,169,212,195,191,210,149,182,139,229,180,196
73,66,74,83,67,73,80,71,65,54,72,81,76,66,71,71,66,58,77,81,71,44,38,44,36,39,39,37,40,36,40,47,35,40,44,45,39,37,37,38,44,41,44,37,40,39,38,40,37,42,35,36,39,44,37,41,40,40,40,37,43,40,43,37,41,44,39,40,7,7,6,6,8,7,8,8,8,8,8,8,8,7,8,8,8,6,8,8,7,7,7,9,7,8,8,8,8,7,7,6,7,8,8,7,9,7,8,7,8,7,6,6,7,8,7,8,6,7,6,7,9,7,7,8,8,8,8,7,7,9,8,9,8,9,7,6,8,7,7,8,9,8,7,8,8,8,8,8,8,8,8,7,9,7,8,8,8,9,7,7,9,8,7,8,6,9,8,7,8,9,8,7,8,8,8,7,8,8,8,7,7,8,7,7,8,7,7,8,8,6,8,7,7,7,8,8,8,7,8,7,9,7,8,8,8,7,7,7,8,7,7,8,7,6,7,7,7,7,9,324,311,353,322,278,308,315,292,309,326,341,310,316,351,316,336,329,331,314,340,332,284,269,361,309,298,288,267,182,183,191,166,180,181,172,207,199,197,193,184,168,184,169,195,202,220,155,169,159,186,188,200,186,193,151,178,168,194,192,171,204,181,189,202,190,183,189,198,182,173,165,168,200,179,177,186,195,177,151,188,178,204,198,184,190,193,194,164,176,214,204,184,186,174,199,188,171,159,157,183,185,198,137,194,203,187,167,182,188,192,180,193,199,190,199,192,229,186,183,170,194,170,178,161,199,186,195,186,184,186,189,188,170,192,186,184,192,193,195,186,177,178,190,191,191,178,175,184,180,194,198,147,188,196,189,207,185,203,174,167,204,158,187,189,187,193,177,190,186,174,209,221,194,189,183,158,183,186,185,176,196,210,187,180,175,195,186,174,193,181,170,191,183,202,169,188,177,156,195,196,161,189,197,189,146,170,185,169,202,200,196,190,182,181,170,184,151,184,179,184,187,152,189,160,203,195,192,137,188,183,187,188,182,175,190,185,185,145,187,184,196,186,193,155,191,183,185,174,203,199,192,174,201,194,203,179,185,175,209,161,172,209,198,144,177,194,184,165,180,176,185,194,187,201,176,132,199,186,155,152,168,198,172,184,142,186,191,198,179,170,193,186,180,189,190,182,190,204,159,182,163,187,191,188,197,170,173,179,186,179,166,168,196,193,189,146,177,191,189,188,198,199,195,197,184,193,151,195,195,200,186,179,177,197,201,170,166,173,206,190,194,191,175,194,191,174,188,181,192,158,165,191,186,197,183,166,193,207,182,182,190,181,176,205,194,178,178,205,183,190,188,188,171,190,195,154,178,196,185,183,194,187,185,192,183,180,199,205,190,179,205,193,192,176,177,179,190,172,204,189,192,205,208,195,174,196,185,155,200,202,196,168,201,154,175,193,185,205,178,151,187,178,171,171,176,166,189,207,172,183,204,173,181,174,160,166,188,182,198,182,183,170,174,186,199,188,196,184,184,205,142,198,176,171,203,182,195,143,202,190,180,142,182,196,170,194,189,168,190,177,180,192,169,173,168,185,168,211,183,191,147,149,199,199,195,188,164,198,184,199,186,188,205,184,191,175,196,195,197
111,102,110,129,97,110,123,108,97,79,109,125,113,96,107,106,97,87,116,125,107,61,49,62,46,52,53,46,59,43,55,68,51,52,64,64,53,49,48,51,64,56,61,44,51,52,47,53,48,57,43,46,51,61,44,54,54,54,54,48,60,56,59,46,57,62,53,53,5,6,5,5,7,5,6,6,6,6,6,7,6,5,6,7,5,6,6,6,5,6,5,8,5,7,7,6,7,5,5,4,5,6,7,4,7,6,6,5,6,6,4,4,5,6,5,6,5,5,4,5,7,6,6,6,7,7,6,6,6,7,8,7,6,7,5,5,6,5,6,7,8,7,5,6,7,6,7,6,6,6,6,5,7,5,6,6,6,7,5,6,7,6,6,6,5,7,6,5,7,8,6,5,7,6,6,6,6,6,7,5,5,6,6,5,7,5,6,6,6,4,6,5,5,5,6,6,6,5,6,5,7,5,6,6,6,5,6,5,7,5,5,6,6,4,5,5,5,6,7,343,336,391,332,301,319,332,306,358,339,373,322,345,394,325,365,343,348,324,369,363,318,291,386,329,301,295,293,167,182,188,150,179,174,164,210,193,195,187,179,164,186,159,194,200,229,166,150,162,192,180,193,194,187,154,174,172,190,187,167,205,170,185,209,190,172,184,198,177,165,152,153,204,173,170,181,197,169,156,184,163,204,193,179,183,187,193,165,162,221,215,178,182,166,198,191,162,167,136,177,181,192,133,197,202,176,159,174,180,183,167,190,194,181,200,188,243,177,171,156,192,154,161,160,194,175,199,182,181,188,180,179,164,193,181,170,191,194,200,175,167,164,183,193,192,170,168,182,167,193,199,147,180,194,195,216,184,204,179,155,207,162,185,185,180,186,171,186,183,170,212,232,186,183,177,138,179,189,174,161,191,209,186,172,158,197,175,169,189,167,164,193,178,201,161,181,167,152,190,192,167,184,196,193,151,162,173,160,201,198,198,184,170,165,160,184,159,178,174,177,175,147,182,157,204,189,187,140,185,176,179,189,176,158,186,184,184,150,186,185,199,183,202,160,185,177,183,161,212,197,189,162,203,199,202,181,179,158,210,166,164,210,193,143,167,185,175,155,169,160,172,192,185,202,174,129,208,180,158,156,158,200,170,190,132,181,194,196,183,163,186,177,178,187,194,180,177,203,167,172,146,174,184,186,194,162,160,180,176,172,155,153,195,188,189,152,176,188,181,180,207,204,190,191,177,194,160,196,201,198,182,173,161,192,208,155,160,155,204,194,186,182,159,198,192,165,183,181,189,152,155,189,175,199,173,147,201,217,174,168,185,174,162,211,193,182,175,206,182,188,189,189,160,186,195,146,165,190,179,170,191,178,186,183,172,176,198,204,183,169,206,196,193,171,175,166,190,165,201,185,191,212,212,188,171,194,183,168,199,204,203,161,201,142,165,195,182,209,175,152,182,170,165,156,157,160,185,212,166,171,212,157,170,160,162,175,188,166,197,170,175,155,170,184,195,184,194,177,178,204,134,200,163,163,216,174,187,143,205,194,176,144,177,191,186,192,183,178,190,168,176,196,148,161,158,197,156,219,173,192,146,157,204,205,194,178,151,201,177,200,187,188,204,177,187,163,201,189,195
160,151,156,190,130,157,180,155,137,109,157,181,160,132,150,149,134,123,167,184,152,61,46,64,42,50,51,40,66,35,57,75,56,48,70,67,53,47,43,50,69,55,62,35,46,52,40,53,46,57,36,41,46,63,35,51,53,53,54,46,63,58,59,40,59,66,52,53,4,5,6,7,8,5,5,6,7,5,6,7,6,5,6,8,5,7,7,6,3,5,4,9,5,7,8,7,8,4,5,3,4,6,8,3,9,6,7,5,6,6,3,4,5,6,4,6,6,4,5,4,8,6,6,7,8,7,7,7,6,9,10,8,5,8,4,4,6,5,6,8,10,7,5,7,7,6,8,7,6,7,7,4,9,4,6,7,7,8,5,6,9,7,8,7,4,8,6,6,8,10,7,5,8,6,6,6,6,6,7,4,6,7,6,4,8,6,6,7,7,4,6,5,5,4,7,5,5,5,6,3,8,4,7,6,5,6,6,4,8,5,5,7,6,3,5,4,4,5,8,331,342,410,315,343,301,326,333,407,375,384,350,395,415,352,365,339,384,297,425,368,373,334,390,369,314,313,308,150,180,186,129,179,167,155,218,191,197,180,170,164,189,147,196,202,248,184,126,165,203,174,190,207,181,163,172,179,188,184,157,209,156,182,221,192,156,179,200,174,155,135,134,211,164,165,174,200,160,167,179,142,207,190,174,174,180,195,169,140,236,233,170,180,158,202,199,149,182,107,174,179,188,130,205,205,161,146,162,171,174,152,190,191,169,205,184,269,163,156,135,193,130,140,156,191,161,207,180,178,194,170,169,155,198,173,153,190,194,209,162,153,147,173,198,201,161,158,182,149,193,203,147,174,190,205,231,188,208,186,138,216,167,184,184,170,179,167,181,181,164,221,252,178,177,172,109,175,195,158,138,188,216,185,160,134,204,162,162,188,150,155,194,173,203,149,175,152,148,186,193,179,180,194,202,160,152,158,148,203,204,205,178,152,145,148,186,173,170,170,168,160,138,177,155,205,184,185,143,180,166,168,190,166,134,184,187,182,159,186,188,203,181,216,168,178,168,186,142,232,196,188,145,209,206,207,186,174,135,216,173,152,218,191,144,155,178,165,141,155,141,157,191,187,205,170,127,224,171,164,166,146,209,169,198,119,176,204,198,194,153,184,166,176,185,204,177,165,206,177,161,122,160,179,187,198,152,141,181,163,164,140,131,197,181,192,164,178,187,171,169,224,210,185,186,168,198,176,198,213,199,175,166,139,187,220,137,148,129,208,203,180,173,135,209,196,158,177,183,182,143,142,186,162,202,162,120,213,235,161,150,180,167,145,226,196,196,169,211,182,189,195,189,148,182,202,133,149,186,171,153,187,167,191,174,159,172,197,207,180,156,216,206,197,167,174,151,197,157,203,187,195,228,218,183,164,191,186,186,205,211,218,151,202,128,154,206,180,219,172,156,177,159,157,140,133,151,180,224,159,156,227,136,157,142,166,188,189,147,199,152,161,133,165,184,192,178,197,173,172,207,125,205,147,154,237,164,181,145,210,203,170,149,172,186,213,192,178,196,193,157,173,206,119,147,147,215,143,236,158,196,150,170,211,216,196,165,135,206,172,206,191,189,208,163,184,150,215,185,196
195,186,186,235,149,190,221,187,164,128,191,223,192,155,180,178,157,149,203,228,184,62,43,65,39,48,50,34,72,28,58,81,61,44,75,69,53,45,39,50,73,54,63,27,41,51,33,52,44,57,30,37,42,64,27,48,52,52,54,43,66,59,60,35,60,69,50,52,3,5,7,8,9,4,5,6,8,5,6,8,6,4,5,8,4,8,7,6,2,5,3,10,4,8,8,7,8,4,5,2,3,5,10,2,10,6,8,5,6,7,2,2,5,6,3,7,7,3,4,2,9,7,6,7,9,7,7,7,6,11,12,10,5,9,2,3,5,5,6,9,12,8,4,7,8,6,9,7,6,7,7,3,10,2,6,8,7,9,5,6,11,8,9,8,3,9,6,7,8,12,7,5,9,6,6,6,6,7,8,3,6,7,7,3,9,6,6,8,7,3,6,5,4,3,6,5,4,4,6,2,10,3,8,6,5,7,6,3,8,5,5,7,6,2,4,3,3,5,9,344,367,453,314,373,301,341,350,467,399,415,369,432,459,369,387,352,408,294,468,391,414,366,414,398,318,323,332,134,178,184,110,177,161,147,224,188,199,174,162,164,193,136,197,202,264,200,103,168,213,168,187,218,175,170,171,185,187,180,150,214,144,179,234,195,142,175,202,170,149,120,116,218,156,162,168,201,152,175,174,124,211,186,169,166,174,195,171,119,248,249,163,178,150,205,205,138,197,81,170,178,184,126,211,208,149,135,152,162,166,139,189,191,160,209,182,292,151,141,116,194,110,120,152,189,148,214,179,175,200,160,159,147,202,168,138,189,194,217,150,139,132,165,202,208,153,149,183,133,193,205,147,168,186,214,244,190,212,192,121,225,172,183,182,161,174,164,177,181,160,230,271,172,172,168,84,172,200,145,117,186,223,186,149,112,210,151,157,187,135,147,195,169,205,139,170,139,145,183,194,190,176,193,209,170,143,144,138,205,208,213,173,136,127,137,189,186,162,167,161,146,131,171,154,207,179,182,146,177,157,157,192,157,113,180,190,182,168,187,191,206,180,227,174,173,159,190,125,252,195,187,129,214,214,210,190,170,114,223,179,140,226,188,144,145,172,155,128,144,124,143,191,190,206,167,125,240,164,169,173,135,216,169,207,108,170,212,201,205,144,181,155,175,183,211,175,153,209,187,152,101,147,175,188,200,144,123,182,152,157,126,109,199,175,194,173,180,185,161,159,239,216,181,182,160,203,189,201,225,199,168,159,119,184,232,121,137,106,212,211,173,164,115,219,199,150,172,185,177,134,129,183,150,205,153,94,225,252,151,133,176,160,130,240,197,208,162,216,184,190,200,190,138,181,208,122,134,181,165,138,182,157,196,166,148,170,197,210,176,144,226,217,201,162,173,139,205,149,206,187,198,242,225,177,159,189,189,204,209,218,232,141,203,115,144,214,178,229,170,158,172,150,150,125,110,144,176,236,151,141,242,118,146,124,170,200,190,129,200,137,147,114,160,183,190,174,200,170,167,210,117,209,131,147,258,154,176,145,214,212,165,154,169,182,236,193,173,211,197,146,172,215,93,134,135,230,131,252,144,199,154,182,218,227,198,155,119,211,169,212,195,191,210,149,182,139,229,180,196
58,51,60,65,56,59,63,57,53,45,58,65,61,54,58,58,55,47,62,64,57,23,21,23,20,22,22,21,19,21,21,24,18,23,21,23,21,21,21,22,23,22,24,22,22,20,22,21,21,22,21,20,23,24,21,22,21,21,21,21,22,21,23,22,21,23,21,22,7,7,6,6,8,7,7,8,7,8,7,7,7,7,7,8,7,6,7,8,7,8,7,8,7,7,8,7,7,7,7,6,7,7,8,7,8,7,8,7,7,7,7,7,7,8,7,7,6,7,5,7,8,6,7,7,8,8,7,7,7,7,7,8,8,8,8,7,7,7,7,8,8,8,8,8,8,8,8,8,8,7,8,7,8,7,8,7,7,8,7,7,8,7,7,7,7,8,8,6,8,7,7,7,7,7,7,7,8,7,8,7,7,8,7,7,8,6,7,7,8,6,8,6,7,7,8,8,8,8,7,7,8,7,8,8,7,6,7,7,8,7,7,7,7,7,7,7,8,8,8,310,298,322,318,254,294,310,260,260,302,330,292,269,318,298,321,317,293,316,304,315,233,233,324,285,279,264,245,201,182,196,181,184,188,175,201,200,200,202,187,172,181,174,199,200,208,141,185,155,178,196,200,181,199,148,186,163,198,193,174,209,190,194,193,186,197,195,191,194,181,172,181,194,182,187,197,196,193,151,199,193,205,204,181,200,201,199,163,191,205,193,191,185,175,194,188,189,148,182,193,194,203,147,189,205,197,177,191,203,201,192,199,206,195,195,191,209,197,191,190,192,187,194,168,205,198,189,188,184,185,194,202,179,194,194,198,191,192,189,196,193,192,198,191,190,192,186,181,199,192,191,154,199,194,189,197,187,209,169,186,203,159,186,184,203,201,182,190,190,181,206,214,196,189,183,183,195,184,193,193,203,204,191,190,192,189,202,181,192,201,179,194,189,199,181,202,195,166,207,206,162,194,205,179,147,182,197,177,204,202,190,192,196,191,175,181,141,191,184,194,189,160,194,163,196,197,191,139,195,192,198,190,192,193,195,181,195,144,191,187,192,191,184,153,203,186,192,182,196,199,197,187,200,188,209,179,182,197,208,160,183,203,203,141,189,208,192,175,191,191,199,193,179,198,182,142,187,190,153,145,179,191,181,172,152,194,185,201,180,177,192,201,178,193,184,192,201,200,152,198,186,197,195,185,202,178,188,185,199,187,173,192,199,201,189,141,174,196,193,198,187,199,197,198,191,188,148,197,186,199,185,191,195,198,189,184,180,197,201,182,196,200,192,186,191,180,194,189,193,167,182,186,198,194,193,186,183,191,192,196,191,183,196,198,201,168,186,200,181,193,183,185,180,195,189,163,192,198,194,191,196,199,181,195,188,180,198,201,198,195,209,185,188,184,186,195,190,181,213,192,188,191,203,197,181,202,185,141,199,196,197,182,199,160,189,190,183,202,182,154,195,178,183,189,193,174,191,198,180,196,192,190,194,188,155,166,186,197,191,190,195,186,175,191,199,196,203,195,180,201,150,200,184,182,189,192,203,146,204,189,182,142,194,196,149,198,191,152,194,182,184,190,193,185,180,170,185,200,197,187,152,145,193,191,192,193,178,189,191,201,181,189,202,190,191,188,198,196,190
73,65,74,83,67,73,80,71,65,55,73,82,76,66,71,72,66,58,77,81,71,42,38,43,36,40,41,37,38,37,38,47,35,41,42,44,38,37,37,41,45,40,46,37,38,37,40,38,39,40,36,36,41,45,35,38,38,38,39,39,41,41,42,40,40,45,38,42,7,8,6,6,8,8,7,8,8,8,7,7,8,7,7,9,7,7,8,8,7,8,7,9,7,8,9,8,8,7,8,6,7,8,9,7,9,7,8,7,8,7,7,7,7,8,7,8,6,7,6,7,9,7,8,7,8,8,8,7,8,8,8,8,8,9,8,7,7,7,7,9,9,8,8,8,8,8,8,8,8,7,8,7,9,7,9,8,8,8,7,7,9,7,8,8,7,8,8,7,8,8,8,7,8,7,7,7,8,7,8,7,7,8,8,7,9,6,7,7,8,5,8,6,7,7,8,8,8,8,7,7,8,7,9,8,7,7,7,7,8,8,7,8,7,7,7,6,8,8,8,328,311,341,327,288,297,325,281,289,341,355,314,297,340,332,341,329,318,329,344,342,265,259,340,324,302,279,267,194,175,194,166,183,184,164,199,193,200,197,178,171,178,162,198,196,212,147,169,153,178,191,192,186,193,151,188,162,196,186,164,215,181,189,194,182,190,192,184,194,175,157,168,193,173,187,197,195,192,157,199,181,204,200,169,196,196,199,164,176,207,198,184,179,165,191,192,186,151,169,194,196,200,148,188,204,187,167,182,200,194,182,197,205,183,193,184,215,189,176,181,186,173,182,164,201,190,188,186,178,186,182,199,174,195,189,187,185,187,188,186,188,181,192,191,194,192,182,176,191,186,183,158,198,182,195,199,188,214,168,179,208,162,180,175,202,196,178,183,186,178,209,225,187,180,175,173,198,186,179,179,202,203,190,183,175,187,197,177,186,195,173,191,186,194,176,203,191,167,209,210,173,189,208,175,157,176,188,169,204,203,189,183,185,173,163,177,143,184,181,190,172,153,189,160,188,188,184,141,192,185,191,190,186,179,193,177,200,151,191,189,189,190,187,155,202,175,196,166,206,192,196,175,201,187,214,179,170,187,209,164,176,201,200,136,183,208,184,165,183,180,191,187,172,193,180,143,191,180,155,145,171,191,184,169,142,190,185,202,189,170,185,197,172,189,183,194,193,196,153,197,177,187,191,180,204,171,177,186,192,183,159,183,198,197,189,146,169,195,182,192,191,202,189,190,184,186,157,196,188,193,171,190,182,190,186,172,177,188,198,182,187,193,178,186,191,174,189,193,185,161,177,177,189,190,186,169,185,192,184,185,183,173,190,205,206,170,182,197,175,193,181,180,171,194,187,154,184,190,188,175,187,193,178,184,175,173,193,198,196,190,216,185,185,182,189,190,194,175,218,189,185,190,202,187,176,200,185,147,200,195,210,179,194,147,186,196,177,208,178,157,191,163,182,182,176,169,183,199,175,186,196,178,187,177,152,177,181,185,184,174,186,174,166,190,192,194,208,198,169,198,144,202,168,178,196,184,199,146,206,193,173,144,194,188,155,198,181,153,196,170,180,196,179,177,174,171,182,204,190,183,157,152,192,191,188,180,170,184,187,206,179,188,199,176,183,182,210,187,182
111,101,111,128,97,110,124,106,97,81,111,126,113,97,106,107,97,87,117,126,107,57,49,58,46,55,55,46,56,46,52,70,53,53,60,60,50,49,48,58,65,52,66,45,47,49,52,51,53,54,44,46,53,63,40,47,50,51,51,53,57,57,56,53,54,64,49,58,5,6,5,6,7,6,5,7,6,7,6,6,6,5,5,7,5,6,6,6,5,6,4,7,5,6,8,6,6,5,6,5,5,5,8,4,8,5,7,6,6,5,5,5,5,7,5,6,5,5,4,5,8,6,6,6,7,7,6,5,7,7,7,7,6,7,5,5,5,6,5,7,7,7,6,7,7,6,7,6,6,6,7,5,8,4,7,6,6,7,5,5,8,6,6,7,5,7,6,5,7,7,6,5,7,5,6,5,7,6,6,5,6,6,7,5,7,5,5,6,6,4,6,5,5,5,6,6,6,6,5,5,7,5,7,6,5,5,5,5,6,6,6,7,5,5,5,4,6,6,7,350,337,376,338,313,305,346,292,328,362,396,330,315,380,347,371,345,333,347,377,375,287,276,355,351,307,281,294,185,171,193,150,183,179,153,199,183,199,192,168,170,175,149,199,189,217,154,151,150,180,185,183,194,187,154,191,162,194,176,154,222,170,186,197,179,182,189,174,194,169,140,153,192,162,188,198,197,192,166,201,169,204,197,156,192,191,203,165,162,209,205,178,172,155,186,196,186,155,154,195,198,196,150,187,203,176,159,174,198,188,172,195,204,170,190,175,221,181,160,173,181,158,167,164,198,180,187,182,171,189,169,196,169,197,185,175,180,183,188,176,184,169,188,193,198,193,178,169,184,181,177,164,198,171,205,205,189,221,168,172,212,167,174,162,203,191,171,176,183,175,212,236,174,171,166,161,202,189,163,165,201,198,190,178,159,185,192,173,178,191,169,193,182,189,170,203,190,170,213,214,184,184,213,171,168,172,178,160,206,204,187,174,174,153,148,173,149,178,178,187,152,147,182,158,181,179,176,146,189,181,184,193,180,163,192,173,206,160,191,193,186,187,192,161,202,165,201,149,217,186,195,163,203,187,220,181,156,175,210,170,170,199,199,132,175,208,175,155,174,165,182,181,162,191,179,146,195,169,158,146,164,188,188,167,133,187,184,201,200,163,176,195,165,188,184,198,182,191,156,195,168,174,184,175,204,162,165,190,186,177,145,176,199,192,190,153,165,193,170,185,197,208,180,180,177,183,170,197,188,187,159,190,171,179,185,160,177,178,194,183,175,187,165,187,192,165,183,198,177,157,173,166,181,188,179,151,188,195,178,173,174,162,185,211,211,171,180,195,172,192,179,176,160,191,184,146,174,179,184,159,179,188,175,171,159,164,187,193,193,186,223,185,183,181,193,183,195,170,224,185,180,190,200,177,175,199,183,155,200,193,226,178,190,131,183,200,171,213,175,162,188,148,182,174,157,164,174,200,171,177,199,167,179,165,149,192,176,171,173,158,180,161,159,189,184,193,211,200,156,193,138,205,152,173,203,179,192,148,210,199,165,148,194,179,163,196,172,155,200,157,176,200,166,166,168,174,179,208,183,180,163,162,192,193,183,166,161,179,182,210,175,188,194,164,176,173,223,178,173
161,149,156,189,131,157,182,151,137,112,159,185,160,133,148,151,134,124,169,185,153,56,46,58,42,54,55,40,61,39,52,77,59,50,65,61,49,47,43,60,71,50,69,37,40,47,47,48,54,52,38,41,50,65,30,41,48,48,49,53,59,60,55,50,54,68,46,60,5,6,5,7,9,7,4,8,6,7,5,6,6,4,5,8,4,7,6,7,4,7,3,8,4,6,9,6,7,5,6,4,4,5,10,3,10,5,8,6,6,5,4,4,4,8,5,7,5,4,5,4,10,7,7,6,8,7,6,6,8,7,9,8,6,8,5,4,5,5,5,8,9,8,6,8,8,7,8,7,6,6,8,5,9,3,8,6,7,7,5,5,9,6,8,8,4,8,6,6,8,8,6,4,8,5,5,5,7,6,6,5,6,7,8,5,9,5,5,6,7,3,7,4,4,5,7,6,5,6,4,4,8,5,9,5,5,6,5,5,7,7,6,8,5,4,5,3,6,7,7,342,342,388,324,361,277,345,310,364,409,416,359,351,397,385,374,340,360,330,435,386,328,311,346,402,323,292,308,176,162,193,129,186,175,136,199,175,204,188,153,171,174,131,203,185,229,166,126,149,185,181,174,207,181,163,199,163,195,167,139,236,156,182,206,174,171,186,165,200,163,117,134,193,147,192,201,200,195,181,205,150,207,197,139,189,188,209,169,140,218,217,171,164,140,183,206,184,164,133,200,206,195,155,188,205,162,146,162,197,181,160,197,207,154,188,166,234,170,138,161,175,137,147,163,198,169,189,181,162,195,151,194,162,205,180,160,173,178,191,162,179,155,181,198,208,196,173,164,175,175,168,173,201,155,220,213,195,234,169,163,224,175,167,149,204,187,168,165,182,172,221,260,160,159,154,144,210,195,143,146,203,198,193,168,134,186,188,169,170,185,162,194,180,185,165,210,187,175,221,228,205,181,221,167,187,166,165,148,211,211,190,163,159,127,130,170,157,170,177,183,126,138,177,155,171,168,166,150,188,174,175,197,173,141,191,169,217,174,194,202,185,188,199,168,205,149,213,124,240,179,195,145,209,188,233,186,140,162,217,180,159,200,198,126,170,213,165,141,162,148,171,175,152,186,178,154,207,155,164,149,154,190,196,164,119,183,189,205,221,154,167,192,158,185,187,204,172,188,162,196,157,160,180,169,212,153,147,196,178,171,123,164,204,188,192,164,160,194,153,176,208,217,169,170,168,183,190,198,195,181,140,192,153,169,185,145,174,164,192,185,161,179,144,193,196,158,178,209,165,150,168,151,169,186,169,127,195,201,169,157,165,148,180,227,222,178,176,193,167,196,178,172,148,190,184,134,163,169,179,135,168,182,173,156,141,156,181,191,194,182,243,189,182,182,201,178,205,164,238,187,176,193,203,165,172,199,187,168,205,193,253,177,185,109,180,213,162,227,172,170,185,125,184,166,133,158,164,207,166,163,209,151,172,149,148,214,171,154,164,134,168,140,146,191,176,194,223,208,138,190,133,212,128,169,220,171,188,152,217,211,152,156,199,167,178,199,159,161,209,140,174,213,146,154,161,180,178,219,172,178,176,177,193,198,178,147,149,172,179,221,173,190,191,144,166,164,250,166,161
196,184,187,233,150,190,224,182,164,133,194,227,192,156,177,180,157,149,206,229,185,55,43,58,39,54,56,34,65,34,51,83,64,47,69,62,47,45,39,63,76,48,73,30,35,45,43,46,54,50,32,38,47,67,21,35,46,46,47,53,60,62,54,48,53,71,44,62,4,5,6,8,10,7,3,8,6,7,5,6,6,3,4,9,3,9,6,7,2,7,1,9,3,6,11,5,7,4,5,4,2,4,11,2,12,5,9,6,6,4,3,3,4,8,4,7,5,3,4,2,12,8,7,6,9,8,6,6,8,8,11,8,5,9,4,4,4,5,5,9,11,8,6,10,8,7,9,7,6,6,9,4,11,1,9,7,7,8,5,4,11,7,9,10,4,8,6,7,8,9,6,3,9,5,5,5,8,5,6,4,6,7,9,4,10,5,4,7,7,2,7,4,3,4,7,5,5,6,3,3,8,4,10,5,4,7,4,4,7,7,7,10,4,3,5,2,6,7,8,354,367,422,326,399,271,364,322,409,442,456,380,378,434,413,399,354,378,335,479,415,358,338,355,441,330,297,332,169,155,193,110,187,170,123,200,167,209,184,139,172,172,115,207,181,240,176,103,147,189,177,166,218,176,170,205,164,195,159,126,248,144,179,213,171,162,184,157,205,157,96,116,194,135,197,203,203,198,194,209,132,211,196,124,186,183,215,171,120,224,228,164,157,128,181,215,183,173,115,205,213,194,161,189,208,149,135,153,197,176,147,198,209,139,187,158,247,161,117,150,170,118,130,162,199,159,190,180,154,200,137,193,156,211,176,148,168,173,193,151,173,142,175,202,218,198,168,160,168,169,160,182,203,140,234,220,200,247,170,155,235,181,162,137,206,182,164,156,181,169,230,280,148,149,144,130,218,200,124,127,204,199,195,159,112,186,185,166,163,180,157,195,179,181,159,215,185,180,228,239,225,178,228,164,205,162,153,138,215,217,192,152,146,103,114,166,165,163,177,179,100,131,173,154,162,158,158,156,187,168,167,202,166,122,190,166,228,187,196,211,182,189,206,175,207,135,224,101,260,174,197,129,216,190,245,190,125,148,223,188,150,202,198,120,165,217,156,128,153,134,163,170,144,182,177,159,216,143,169,152,145,192,203,162,108,179,191,211,240,145,160,190,151,183,190,210,163,186,166,197,146,148,176,164,219,144,133,201,171,166,104,155,208,185,195,174,156,195,137,168,217,225,159,161,160,181,209,201,202,175,123,194,138,160,186,131,172,152,190,187,151,173,124,198,200,150,173,219,153,144,164,138,159,184,163,104,201,206,161,143,155,136,175,242,232,184,172,192,163,200,179,166,138,189,184,123,154,160,173,115,158,176,172,142,125,149,175,189,196,179,260,193,180,182,208,173,214,159,251,188,174,196,204,154,169,199,189,180,209,195,277,176,182,91,179,224,154,239,171,178,181,105,184,160,111,153,155,212,160,151,218,137,165,134,147,235,167,139,155,113,157,123,136,192,168,194,234,215,121,189,127,219,107,166,234,162,185,155,223,222,142,163,204,158,190,201,149,166,216,125,173,225,128,144,154,184,177,229,164,175,188,192,194,203,174,131,139,165,178,231,172,191,189,125,158,158,273,156,150
73,65,74,83,67,73,80,71,65,55,73,82,76,66,71,72,66,58,77,81,71,42,38,43,36,40,41,37,38,37,38,47,35,41,42,44,38,37,37,41,45,40,46,37,38,37,40,38,39,40,36,36,41,45,35,38,38,38,39,39,41,41,42,40,40,45,38,42,7,8,6,6,8,8,7,8,8,8,7,7,8,7,7,9,7,7,8,8,7,8,7,9,7,8,9,8,8,7,8,6,7,8,9,7,9,7,8,7,8,7,7,7,7,8,7,8,6,7,6,7,9,7,8,7,8,8,8,7,8,8,8,8,8,9,8,7,7,7,7,9,9,8,8,8,8,8,8,8,8,7,8,7,9,7,9,8,8,8,7,7,9,7,8,8,7,8,8,7,8,8,8,7,8,7,7,7,8,7,8,7,7,8,8,7,9,6,7,7,8,5,8,6,7,7,8,8,8,8,7,7,8,7,9,8,7,7,7,7,8,8,7,8,7,7,7,6,8,8,8,328,311,341,327,288,297,325,281,289,341,355,314,297,340,332,341,329,318,329,344,342,265,259,340,324,302,279,267,194,175,194,166,183,184,164,199,193,200,197,178,171,178,162,198,196,212,147,169,153,178,191,192,186,193,151,188,162,196,186,164,215,181,189,194,182,190,192,184,194,175,157,168,193,173,187,197,195,192,157,199,181,204,200,169,196,196,199,164,176,207,198,184,179,165,191,192,186,151,169,194,196,200,148,188,204,187,167,182,200,194,182,197,205,183,193,184,215,189,176,181,186,173,182,164,201,190,188,186,178,186,182,199,174,195,189,187,185,187,188,186,188,181,192,191,194,192,182,176,191,186,183,158,198,182,195,199,188,214,168,179,208,162,180,175,202,196,178,183,186,178,209,225,187,180,175,173,198,186,179,179,202,203,190,183,175,187,197,177,186,195,173,191,186,194,176,203,191,167,209,210,173,189,208,175,157,176,188,169,204,203,189,183,185,173,163,177,143,184,181,190,172,153,189,160,188,188,184,141,192,185,191,190,186,179,193,177,200,151,191,189,189,190,187,155,202,175,196,166,206,192,196,175,201,187,214,179,170,187,209,164,176,201,200,136,183,208,184,165,183,180,191,187,172,193,180,143,191,180,155,145,171,191,184,169,142,190,185,202,189,170,185,197,172,189,183,194,193,196,153,197,177,187,191,180,204,171,177,186,192,183,159,183,198,197,189,146,169,195,182,192,191,202,189,190,184,186,157,196,188,193,171,190,182,190,186,172,177,188,198,182,187,193,178,186,191,174,189,193,185,161,177,177,189,190,186,169,185,192,184,185,183,173,190,205,206,170,182,197,175,193,181,180,171,194,187,154,184,190,188,175,187,193,178,184,175,173,193,198,196,190,216,185,185,182,189,190,194,175,218,189,185,190,202,187,176,200,185,147,200,195,210,179,194,147,186,196,177,208,178,157,191,163,182,182,176,169,183,199,175,186,196,178,187,177,152,177,181,185,184,174,186,174,166,190,192,194,208,198,169,198,144,202,168,178,196,184,199,146,206,193,173,144,194,188,155,198,181,153,196,170,180,196,179,177,174,171,182,204,190,183,157,152,192,191,188,180,170,184,187,206,179,188,199,176,183,182,210,187,182
111,101,111,128,97,110,124,106,97,81,111,126,113,97,106,107,97,87,117,126,107,57,49,58,46,55,55,46,56,46,52,70,53,53,60,60,50,49,48,58,65,52,66,45,47,49,52,51,53,54,44,46,53,63,40,47,50,51,51,53,57,57,56,53,54,64,49,58,5,6,5,6,7,6,5,7,6,7,6,6,6,5,5,7,5,6,6,6,5,6,4,7,5,6,8,6,6,5,6,5,5,5,8,4,8,5,7,6,6,5,5,5,5,7,5,6,5,5,4,5,8,6,6,6,7,7,6,5,7,7,7,7,6,7,5,5,5,6,5,7,7,7,6,7,7,6,7,6,6,6,7,5,8,4,7,6,6,7,5,5,8,6,6,7,5,7,6,5,7,7,6,5,7,5,6,5,7,6,6,5,6,6,7,5,7,5,5,6,6,4,6,5,5,5,6,6,6,6,5,5,7,5,7,6,5,5,5,5,6,6,6,7,5,5,5,4,6,6,7,350,337,376,338,313,305,346,292,328,362,396,330,315,380,347,371,345,333,347,377,375,287,276,355,351,307,281,294,185,171,193,150,183,179,153,199,183,199,192,168,170,175,149,199,189,217,154,151,150,180,185,183,194,187,154,191,162,194,176,154,222,170,186,197,179,182,189,174,194,169,140,153,192,162,188,198,197,192,166,201,169,204,197,156,192,191,203,165,162,209,205,178,172,155,186,196,186,155,154,195,198,196,150,187,203,176,159,174,198,188,172,195,204,170,190,175,221,181,160,173,181,158,167,164,198,180,187,182,171,189,169,196,169,197,185,175,180,183,188,176,184,169,188,193,198,193,178,169,184,181,177,164,198,171,205,205,189,221,168,172,212,167,174,162,203,191,171,176,183,175,212,236,174,171,166,161,202,189,163,165,201,198,190,178,159,185,192,173,178,191,169,193,182,189,170,203,190,170,213,214,184,184,213,171,168,172,178,160,206,204,187,174,174,153,148,173,149,178,178,187,152,147,182,158,181,179,176,146,189,181,184,193,180,163,192,173,206,160,191,193,186,187,192,161,202,165,201,149,217,186,195,163,203,187,220,181,156,175,210,170,170,199,199,132,175,208,175,155,174,165,182,181,162,191,179,146,195,169,158,146,164,188,188,167,133,187,184,201,200,163,176,195,165,188,184,198,182,191,156,195,168,174,184,175,204,162,165,190,186,177,145,176,199,192,190,153,165,193,170,185,197,208,180,180,177,183,170,197,188,187,159,190,171,179,185,160,177,178,194,183,175,187,165,187,192,165,183,198,177,157,173,166,181,188,179,151,188,195,178,173,174,162,185,211,211,171,180,195,172,192,179,176,160,191,184,146,174,179,184,159,179,188,175,171,159,164,187,193,193,186,223,185,183,181,193,183,195,170,224,185,180,190,200,177,175,199,183,155,200,193,226,178,190,131,183,200,171,213,175,162,188,148,182,174,157,164,174,200,171,177,199,167,179,165,149,192,176,171,173,158,180,161,159,189,184,193,211,200,156,193,138,205,152,173,203,179,192,148,210,199,165,148,194,179,163,196,172,155,200,157,176,200,166,166,168,174,179,208,183,180,163,162,192,193,183,166,161,179,182,210,175,188,194,164,176,173,223,178,173
161,149,156,189,131,157,182,151,137,112,159,185,160,133,148,151,134,124,169,185,153,56,46,58,42,54,55,40,61,39,52,77,59,50,65,61,49,47,43,60,71,50,69,37,40,47,47,48,54,52,38,41,50,65,30,41,48,48,49,53,59,60,55,50,54,68,46,60,5,6,5,7,9,7,4,8,6,7,5,6,6,4,5,8,4,7,6,7,4,7,3,8,4,6,9,6,7,5,6,4,4,5,10,3,10,5,8,6,6,5,4,4,4,8,5,7,5,4,5,4,10,7,7,6,8,7,6,6,8,7,9,8,6,8,5,4,5,5,5,8,9,8,6,8,8,7,8,7,6,6,8,5,9,3,8,6,7,7,5,5,9,6,8,8,4,8,6,6,8,8,6,4,8,5,5,5,7,6,6,5,6,7,8,5,9,5,5,6,7,3,7,4,4,5,7,6,5,6,4,4,8,5,9,5,5,6,5,5,7,7,6,8,5,4,5,3,6,7,7,342,342,388,324,361,277,345,310,364,409,416,359,351,397,385,374,340,360,330,435,386,328,311,346,402,323,292,308,176,162,193,129,186,175,136,199,175,204,188,153,171,174,131,203,185,229,166,126,149,185,181,174,207,181,163,199,163,195,167,139,236,156,182,206,174,171,186,165,200,163,117,134,193,147,192,201,200,195,181,205,150,207,197,139,189,188,209,169,140,218,217,171,164,140,183,206,184,164,133,200,206,195,155,188,205,162,146,162,197,181,160,197,207,154,188,166,234,170,138,161,175,137,147,163,198,169,189,181,162,195,151,194,162,205,180,160,173,178,191,162,179,155,181,198,208,196,173,164,175,175,168,173,201,155,220,213,195,234,169,163,224,175,167,149,204,187,168,165,182,172,221,260,160,159,154,144,210,195,143,146,203,198,193,168,134,186,188,169,170,185,162,194,180,185,165,210,187,175,221,228,205,181,221,167,187,166,165,148,211,211,190,163,159,127,130,170,157,170,177,183,126,138,177,155,171,168,166,150,188,174,175,197,173,141,191,169,217,174,194,202,185,188,199,168,205,149,213,124,240,179,195,145,209,188,233,186,140,162,217,180,159,200,198,126,170,213,165,141,162,148,171,175,152,186,178,154,207,155,164,149,154,190,196,164,119,183,189,205,221,154,167,192,158,185,187,204,172,188,162,196,157,160,180,169,212,153,147,196,178,171,123,164,204,188,192,164,160,194,153,176,208,217,169,170,168,183,190,198,195,181,140,192,153,169,185,145,174,164,192,185,161,179,144,193,196,158,178,209,165,150,168,151,169,186,169,127,195,201,169,157,165,148,180,227,222,178,176,193,167,196,178,172,148,190,184,134,163,169,179,135,168,182,173,156,141,156,181,191,194,182,243,189,182,182,201,178,205,164,238,187,176,193,203,165,172,199,187,168,205,193,253,177,185,109,180,213,162,227,172,170,185,125,184,166,133,158,164,207,166,163,209,151,172,149,148,214,171,154,164,134,168,140,146,191,176,194,223,208,138,190,133,212,128,169,220,171,188,152,217,211,152,156,199,167,178,199,159,161,209,140,174,213,146,154,161,180,178,219,172,178,176,177,193,198,178,147,149,172,179,221,173,190,191,144,166,164,250,166,161
196,184,187,233,150,190,224,182,164,133,194,227,192,156,177,180,157,149,206,229,185,55,43,58,39,54,56,34,65,34,51,83,64,47,69,62,47,45,39,63,76,48,73,30,35,45,43,46,54,50,32,38,47,67,21,35,46,46,47,53,60,62,54,48,53,71,44,62,4,5,6,8,10,7,3,8,6,7,5,6,6,3,4,9,3,9,6,7,2,7,1,9,3,6,11,5,7,4,5,4,2,4,11,2,12,5,9,6,6,4,3,3,4,8,4,7,5,3,4,2,12,8,7,6,9,8,6,6,8,8,11,8,5,9,4,4,4,5,5,9,11,8,6,10,8,7,9,7,6,6,9,4,11,1,9,7,7,8,5,4,11,7,9,10,4,8,6,7,8,9,6,3,9,5,5,5,8,5,6,4,6,7,9,4,10,5,4,7,7,2,7,4,3,4,7,5,5,6,3,3,8,4,10,5,4,7,4,4,7,7,7,10,4,3,5,2,6,7,8,354,367,422,326,399,271,364,322,409,442,456,380,378,434,413,399,354,378,335,479,415,358,338,355,441,330,297,332,169,155,193,110,187,170,123,200,167,209,184,139,172,172,115,207,181,240,176,103,147,189,177,166,218,176,170,205,164,195,159,126,248,144,179,213,171,162,184,157,205,157,96,116,194,135,197,203,203,198,194,209,132,211,196,124,186,183,215,171,120,224,228,164,157,128,181,215,183,173,115,205,213,194,161,189,208,149,135,153,197,176,147,198,209,139,187,158,247,161,117,150,170,118,130,162,199,159,190,180,154,200,137,193,156,211,176,148,168,173,193,151,173,142,175,202,218,198,168,160,168,169,160,182,203,140,234,220,200,247,170,155,235,181,162,137,206,182,164,156,181,169,230,280,148,149,144,130,218,200,124,127,204,199,195,159,112,186,185,166,163,180,157,195,179,181,159,215,185,180,228,239,225,178,228,164,205,162,153,138,215,217,192,152,146,103,114,166,165,163,177,179,100,131,173,154,162,158,158,156,187,168,167,202,166,122,190,166,228,187,196,211,182,189,206,175,207,135,224,101,260,174,197,129,216,190,245,190,125,148,223,188,150,202,198,120,165,217,156,128,153,134,163,170,144,182,177,159,216,143,169,152,145,192,203,162,108,179,191,211,240,145,160,190,151,183,190,210,163,186,166,197,146,148,176,164,219,144,133,201,171,166,104,155,208,185,195,174,156,195,137,168,217,225,159,161,160,181,209,201,202,175,123,194,138,160,186,131,172,152,190,187,151,173,124,198,200,150,173,219,153,144,164,138,159,184,163,104,201,206,161,143,155,136,175,242,232,184,172,192,163,200,179,166,138,189,184,123,154,160,173,115,158,176,172,142,125,149,175,189,196,179,260,193,180,182,208,173,214,159,251,188,174,196,204,154,169,199,189,180,209,195,277,176,182,91,179,224,154,239,171,178,181,105,184,160,111,153,155,212,160,151,218,137,165,134,147,235,167,139,155,113,157,123,136,192,168,194,234,215,121,189,127,219,107,166,234,162,185,155,223,222,142,163,204,158,190,201,149,166,216,125,173,225,128,144,154,184,177,229,164,175,188,192,194,203,174,131,139,165,178,231,172,191,189,125,158,158,273,156,150
58,52,60,66,56,59,63,58,53,45,58,65,62,55,58,58,55,47,62,64,57,23,21,24,20,21,21,21,20,21,21,24,17,22,22,23,21,20,21,21,23,23,23,22,22,21,22,21,21,22,21,20,22,23,21,23,22,21,21,21,22,21,23,21,22,23,21,22,7,7,6,6,8,7,7,8,7,8,7,7,7,7,8,8,7,6,8,7,7,7,7,8,7,8,8,7,7,7,7,6,7,8,8,7,8,7,7,7,7,7,7,7,7,7,7,7,6,7,5,7,8,6,7,7,8,8,8,7,7,8,7,8,8,8,7,7,7,7,7,8,8,8,8,7,8,7,8,8,8,7,8,7,8,7,8,7,7,8,7,7,8,7,7,7,7,8,8,6,8,8,7,7,7,7,7,7,8,7,8,7,7,8,7,7,8,6,7,7,8,6,8,6,7,7,8,8,8,8,7,7,8,7,8,8,7,6,7,7,8,7,6,7,7,7,7,7,7,7,8,310,297,326,317,250,296,304,263,267,299,325,291,276,324,294,321,316,306,313,303,311,238,236,333,281,278,268,244,197,184,195,180,183,187,176,209,203,199,201,191,171,184,177,196,204,210,143,184,158,179,195,203,180,198,147,183,166,197,196,176,206,189,192,196,189,194,194,197,189,180,174,180,203,186,183,194,195,186,146,195,192,204,202,186,197,200,195,162,190,214,197,191,188,177,197,187,183,156,178,189,190,202,143,192,204,196,175,190,200,199,190,198,202,198,198,200,214,196,193,186,194,186,193,166,203,196,191,187,188,184,203,199,178,192,192,197,195,195,198,195,189,191,197,191,189,185,183,183,196,201,197,151,196,199,185,199,186,205,172,182,202,158,189,190,197,200,181,194,189,180,205,213,198,198,185,177,188,183,195,192,200,206,190,189,190,198,197,180,195,195,178,193,188,208,177,195,188,163,201,199,158,193,202,184,143,178,196,176,203,200,193,195,195,192,176,184,143,190,183,191,195,158,193,162,202,200,200,138,194,191,197,189,191,192,194,190,189,141,191,184,195,190,187,152,199,189,188,184,194,201,196,186,199,190,206,178,188,193,207,159,182,205,202,143,185,202,191,174,191,190,196,196,185,201,181,138,189,192,152,147,178,194,178,178,150,193,188,199,176,176,196,197,181,192,186,189,200,203,154,192,179,196,195,188,198,177,187,180,196,186,176,185,197,201,188,141,175,195,196,197,191,198,200,201,190,192,143,195,188,208,191,188,191,200,194,183,177,190,205,184,198,199,191,188,190,179,193,184,196,166,177,192,197,197,192,184,192,196,190,194,194,185,189,197,197,170,185,202,183,192,186,186,178,195,198,162,189,201,192,192,197,196,183,197,197,183,202,205,194,191,204,187,191,180,182,191,189,180,206,191,191,197,206,199,180,201,184,150,199,198,191,178,202,162,186,189,186,201,181,151,193,184,180,184,192,173,194,200,179,195,195,185,190,187,157,163,188,196,197,199,194,185,177,190,202,193,200,190,186,205,148,198,186,178,197,191,202,144,203,187,185,141,189,199,155,197,192,158,190,185,183,189,190,184,176,176,179,208,194,189,148,143,195,192,194,195,174,195,190,198,184,188,206,193,192,184,191,198,196
74,66,74,84,68,74,81,72,66,55,73,82,76,66,72,72,67,58,77,82,72,43,38,46,36,39,39,37,42,36,39,47,35,40,43,45,39,37,37,39,44,43,45,37,39,38,39,39,38,41,35,35,39,44,36,40,42,40,39,38,42,40,43,38,41,44,39,40,7,7,6,6,8,7,7,8,8,8,7,8,8,7,8,8,7,6,8,8,7,8,7,9,7,8,8,8,8,7,7,6,7,8,8,7,9,7,8,7,8,7,6,6,7,8,7,8,6,7,6,7,9,7,7,8,8,8,8,7,7,8,9,8,8,9,7,6,7,7,8,8,9,8,8,8,8,8,8,8,8,8,8,7,9,7,8,8,7,9,7,7,9,8,7,8,6,9,8,7,8,9,8,7,8,7,8,7,8,7,8,7,7,8,8,6,8,7,7,7,8,6,8,7,7,7,8,8,8,8,7,7,8,7,8,8,7,6,7,7,8,7,7,8,7,6,7,6,7,8,8,326,310,347,324,278,302,315,287,303,331,348,313,311,350,324,340,327,342,320,341,333,279,264,353,315,299,286,263,186,179,192,165,181,181,168,215,198,198,195,183,169,183,167,196,201,216,150,167,158,182,189,198,184,192,149,181,167,195,191,168,209,179,187,201,186,183,190,194,187,174,161,166,209,178,181,190,193,180,150,192,178,202,199,180,190,193,193,161,174,223,204,183,184,169,195,189,174,167,161,187,188,199,141,193,202,185,166,181,193,192,180,195,199,189,198,200,225,188,179,174,191,171,179,163,200,187,192,183,183,184,198,192,171,194,187,186,191,192,204,184,181,180,191,190,192,180,174,180,185,203,194,151,191,193,189,204,186,207,173,172,206,160,185,185,190,194,176,188,185,175,207,223,191,196,179,160,186,184,184,177,196,206,188,180,173,203,191,175,190,184,171,190,184,211,169,191,179,160,198,198,165,188,201,185,149,170,185,168,203,201,194,188,184,177,166,182,149,183,180,184,182,151,186,157,198,194,200,138,189,184,188,189,183,176,191,192,187,144,188,183,192,187,192,153,195,179,190,170,204,198,193,173,199,190,207,178,181,180,208,161,173,205,199,140,177,197,182,163,181,177,185,193,182,197,178,136,195,185,152,150,169,195,177,179,140,188,190,199,182,167,191,190,176,188,189,186,190,200,158,184,164,185,189,184,197,168,174,179,186,180,164,171,197,195,187,145,172,192,186,189,197,200,194,196,183,191,150,194,192,208,182,184,176,194,196,171,170,175,204,186,191,192,176,191,188,171,187,185,188,158,169,187,187,196,184,168,202,202,183,182,189,177,177,202,198,174,179,201,181,191,186,184,169,191,202,152,178,195,186,179,191,187,182,188,191,179,198,203,190,183,210,189,191,176,181,183,191,173,206,188,189,201,207,191,174,198,183,163,199,199,199,172,200,150,179,194,181,206,176,150,188,173,175,175,175,167,188,204,173,184,200,172,181,175,156,171,184,183,194,190,184,171,170,187,198,188,200,185,179,203,142,199,171,171,211,182,196,143,204,191,176,142,187,192,165,195,185,163,190,176,179,193,173,174,167,181,170,220,183,187,150,149,196,195,192,184,163,193,185,199,182,185,204,180,187,175,199,191,192
113,103,112,131,98,111,125,109,98,81,111,127,115,98,109,108,98,88,118,127,109,59,48,66,45,52,52,45,63,43,54,69,51,52,62,62,53,48,47,52,64,60,63,44,49,52,48,53,50,55,43,45,50,62,42,52,58,53,53,50,60,57,59,47,56,63,51,55,5,6,5,5,7,5,5,6,6,6,6,6,6,5,6,7,5,6,6,6,5,6,5,8,5,6,7,6,7,5,6,4,5,6,7,4,7,6,7,5,6,6,4,4,5,6,5,6,5,5,4,5,7,6,6,6,7,7,7,6,6,7,8,7,6,7,5,5,5,5,6,7,8,7,6,6,7,6,7,6,6,7,7,5,8,4,6,6,6,8,5,5,7,6,6,7,4,8,6,5,7,7,6,5,7,6,6,5,6,6,6,5,5,6,6,5,7,5,5,6,6,4,6,6,5,5,6,6,6,6,5,4,7,5,7,6,6,5,5,5,7,6,5,6,5,4,5,5,5,6,7,348,336,386,336,300,313,333,300,351,350,384,326,338,392,336,368,343,368,335,374,365,309,284,378,339,304,292,290,174,177,189,147,180,175,158,224,192,196,188,176,166,184,157,196,199,223,159,148,159,186,182,191,191,185,151,181,170,191,185,160,212,167,183,207,184,171,185,191,184,166,146,150,218,170,176,187,194,173,156,190,165,201,194,172,182,188,193,162,158,235,213,176,179,160,192,193,166,180,142,184,187,193,139,196,200,173,156,171,187,185,169,192,193,178,198,201,236,178,166,162,187,154,163,162,195,176,193,179,179,186,193,186,165,194,182,172,189,191,214,173,173,165,185,190,194,173,167,175,174,206,192,153,187,187,195,211,185,211,176,161,209,164,182,178,184,188,169,183,180,171,211,234,180,196,171,141,182,187,172,162,191,203,187,174,155,210,182,170,184,171,166,191,179,214,159,185,171,159,195,196,173,182,202,188,157,161,174,157,203,201,197,182,171,158,154,181,156,176,175,177,168,144,180,155,197,188,201,141,186,177,180,190,177,159,188,197,187,149,188,183,193,184,201,157,192,171,190,154,214,195,192,160,200,193,210,178,171,164,207,168,166,205,195,136,165,189,172,153,171,162,171,190,178,196,175,135,202,177,155,155,160,194,176,183,129,183,193,198,190,160,185,184,171,185,192,187,179,197,164,176,149,172,182,180,194,160,161,180,176,174,152,156,197,189,187,149,170,190,175,182,205,205,189,189,174,192,158,193,195,212,175,180,161,186,202,157,166,158,202,189,181,184,161,196,189,162,180,188,183,153,161,183,177,196,175,148,214,211,175,169,183,167,166,208,200,176,176,201,180,189,187,182,157,188,209,143,163,189,181,165,185,178,181,176,185,173,196,201,183,176,213,190,192,170,182,173,192,167,205,183,185,205,209,183,171,195,180,180,197,198,207,168,199,136,172,197,177,212,172,151,184,163,171,163,154,160,183,207,168,173,206,156,169,162,155,182,182,168,190,182,176,157,165,186,192,182,201,181,171,201,135,202,158,163,229,176,189,145,207,197,170,144,184,184,179,193,177,171,190,165,173,197,155,163,158,190,160,233,172,186,153,159,198,200,189,171,151,195,178,200,181,185,202,170,182,162,205,184,188
164,154,159,194,133,160,185,157,139,112,161,186,163,135,155,152,137,126,172,189,156,59,45,70,41,50,51,38,72,35,54,76,57,48,68,64,52,46,42,52,70,61,65,35,43,51,42,52,49,54,36,40,46,64,32,48,59,52,51,48,63,58,59,42,56,67,49,56,4,5,6,7,8,5,5,7,7,6,6,7,6,4,6,8,4,7,6,6,3,6,3,9,4,7,8,6,7,4,5,4,4,6,9,3,9,6,8,6,6,6,3,4,5,6,4,6,6,4,4,3,9,6,6,6,8,7,8,6,6,9,11,8,5,8,4,4,5,5,7,8,9,7,5,7,7,6,8,7,6,8,7,4,9,3,6,7,6,9,5,5,9,7,7,8,4,9,6,6,7,9,7,5,8,6,6,5,6,6,7,4,6,7,7,4,8,5,5,7,7,3,6,6,4,4,7,5,5,5,5,3,8,4,7,6,5,6,5,4,7,6,6,7,5,3,5,4,4,6,8,337,339,402,319,344,291,328,325,399,391,400,356,385,416,368,372,337,414,312,433,370,360,325,381,385,319,310,306,159,171,188,124,180,169,145,238,187,200,183,166,166,186,142,199,199,239,175,120,161,194,175,186,203,177,158,182,175,190,179,148,220,151,178,220,184,155,182,190,183,158,124,128,232,160,176,184,195,166,166,188,144,204,192,162,173,182,194,164,134,257,231,166,176,148,193,202,155,203,115,184,189,190,138,201,202,157,140,158,181,176,153,191,191,166,202,205,260,165,145,144,184,131,141,158,194,163,197,176,175,190,189,179,156,200,176,155,186,191,229,157,162,149,176,194,203,167,156,173,158,214,192,157,184,179,205,223,190,219,182,146,220,169,180,172,175,182,163,178,177,167,218,257,169,198,162,114,181,191,155,140,188,208,188,162,129,225,172,164,179,155,157,191,175,224,148,181,158,158,193,199,189,176,204,192,170,151,160,143,206,206,203,175,154,134,138,182,169,165,173,168,148,133,173,151,196,180,205,145,183,169,170,193,167,136,186,208,189,158,189,188,193,183,213,163,189,157,197,131,237,192,191,140,206,198,218,181,163,144,212,175,154,210,193,134,154,184,159,136,157,142,156,189,177,195,173,136,216,168,159,162,147,200,179,189,114,178,201,202,205,149,180,176,167,181,200,187,167,197,175,167,127,155,176,178,196,148,142,181,162,166,134,134,200,184,188,159,169,189,161,171,221,213,182,182,164,195,174,194,205,219,163,176,137,178,211,138,157,134,205,194,171,174,137,207,192,152,173,194,173,144,150,175,164,200,165,120,234,226,164,151,177,156,151,223,207,187,171,203,180,192,192,180,143,185,222,128,147,183,173,144,177,166,183,164,179,168,193,204,178,166,228,197,194,165,184,162,201,158,210,182,186,218,216,173,166,194,182,206,200,203,225,160,199,117,163,208,171,223,168,154,179,149,166,149,127,153,177,217,160,157,219,135,156,142,156,199,180,148,188,172,162,135,155,186,189,178,207,180,161,204,126,208,137,154,259,165,183,146,213,207,161,151,183,176,202,194,168,184,193,153,170,209,128,148,144,204,148,259,156,187,160,172,203,208,186,156,133,197,175,206,182,185,205,152,175,148,221,175,184
201,192,192,242,154,195,229,191,168,132,198,230,197,160,188,184,162,153,210,235,189,59,41,73,37,48,50,32,80,27,55,83,63,45,72,66,52,43,37,52,75,62,67,27,37,50,37,50,47,54,30,35,41,65,23,44,60,50,50,47,65,60,59,37,57,70,47,56,3,5,6,8,10,5,4,7,7,5,6,7,6,3,6,8,3,9,7,6,2,5,2,10,3,7,9,6,8,3,5,3,2,5,10,1,10,6,8,5,6,6,1,2,4,6,3,7,6,3,4,2,10,7,6,7,9,7,9,6,6,10,13,9,4,9,3,3,4,4,7,9,11,8,5,8,8,6,9,7,6,9,8,3,10,1,6,7,7,10,4,5,11,7,8,8,2,11,5,6,8,11,7,4,9,6,6,5,6,6,7,3,6,7,7,3,9,6,5,7,7,2,6,7,3,3,7,5,4,5,5,2,9,3,8,6,5,7,5,3,8,5,6,8,5,2,4,2,3,5,8,352,364,443,321,378,288,344,340,456,421,437,378,421,462,389,396,350,446,313,479,395,401,356,402,422,325,320,328,146,166,187,102,180,163,133,252,184,203,178,156,166,188,130,201,198,255,189,95,163,202,171,183,214,169,164,184,181,189,176,137,229,137,173,231,183,140,178,189,184,150,106,108,245,151,175,182,198,159,173,189,125,207,190,155,165,177,195,165,112,277,246,157,173,138,193,209,144,224,91,184,191,188,138,207,203,142,127,147,175,168,140,192,189,154,205,209,283,153,127,128,182,109,121,154,193,151,202,173,170,194,186,172,149,205,170,140,184,191,245,144,151,133,168,196,213,160,147,171,145,220,192,160,182,171,214,234,194,226,188,133,230,175,179,168,168,176,157,172,175,163,226,277,159,198,155,89,180,195,139,118,184,211,189,152,104,237,163,159,176,141,150,190,172,231,137,177,146,158,191,203,204,171,208,195,183,141,146,131,209,212,208,169,138,112,124,183,181,156,170,159,131,124,166,148,194,175,209,148,180,160,159,195,159,113,184,217,190,167,190,190,194,183,225,169,186,146,204,110,257,191,190,121,211,202,225,185,155,125,219,182,141,214,191,131,143,180,149,120,145,126,140,187,175,194,171,136,230,159,163,169,137,205,181,193,100,173,209,205,219,138,176,168,163,177,207,188,156,198,184,159,106,141,170,175,199,137,124,181,151,159,119,114,202,178,189,168,167,188,147,162,236,219,176,176,153,199,189,195,214,226,154,173,115,172,219,122,150,112,208,200,161,166,116,216,194,144,167,199,164,136,140,170,152,202,155,95,253,240,153,135,172,147,137,237,211,197,165,205,179,194,196,178,130,184,235,115,132,176,167,124,169,154,184,153,173,164,193,206,174,157,241,205,197,161,186,152,208,152,215,182,186,229,222,165,161,193,183,231,204,208,241,154,198,101,155,218,166,234,164,156,175,135,162,137,102,145,172,225,153,143,231,115,144,126,158,214,178,131,186,162,149,115,147,187,185,173,213,177,152,205,119,214,117,145,286,155,179,147,217,216,152,156,183,169,223,195,160,198,197,141,167,219,103,135,133,217,138,281,142,188,166,185,206,217,185,141,117,198,171,212,184,186,207,136,169,136,237,168,182
74,66,74,84,68,74,81,72,66,55,73,82,76,66,72,72,67,58,77,82,72,43,38,46,36,39,39,37,42,36,39,47,35,40,43,45,39,37,37,39,44,43,45,37,39,38,39,39,38,41,35,35,39,44,36,40,42,40,39,38,42,40,43,38,41,44,39,40,7,7,6,6,8,7,7,8,8,8,7,8,8,7,8,8,7,6,8,8,7,8,7,9,7,8,8,8,8,7,7,6,7,8,8,7,9,7,8,7,8,7,6,6,7,8,7,8,6,7,6,7,9,7,7,8,8,8,8,7,7,8,9,8,8,9,7,6,7,7,8,8,9,8,8,8,8,8,8,8,8,8,8,7,9,7,8,8,7,9,7,7,9,8,7,8,6,9,8,7,8,9,8,7,8,7,8,7,8,7,8,7,7,8,8,6,8,7,7,7,8,6,8,7,7,7,8,8,8,8,7,7,8,7,8,8,7,6,7,7,8,7,7,8,7,6,7,6,7,8,8,326,310,347,324,278,302,315,287,303,331,348,313,311,350,324,340,327,342,320,341,333,279,264,353,315,299,286,263,186,179,192,165,181,181,168,215,198,198,195,183,169,183,167,196,201,216,150,167,158,182,189,198,184,192,149,181,167,195,191,168,209,179,187,201,186,183,190,194,187,174,161,166,209,178,181,190,193,180,150,192,178,202,199,180,190,193,193,161,174,223,204,183,184,169,195,189,174,167,161,187,188,199,141,193,202,185,166,181,193,192,180,195,199,189,198,200,225,188,179,174,191,171,179,163,200,187,192,183,183,184,198,192,171,194,187,186,191,192,204,184,181,180,191,190,192,180,174,180,185,203,194,151,191,193,189,204,186,207,173,172,206,160,185,185,190,194,176,188,185,175,207,223,191,196,179,160,186,184,184,177,196,206,188,180,173,203,191,175,190,184,171,190,184,211,169,191,179,160,198,198,165,188,201,185,149,170,185,168,203,201,194,188,184,177,166,182,149,183,180,184,182,151,186,157,198,194,200,138,189,184,188,189,183,176,191,192,187,144,188,183,192,187,192,153,195,179,190,170,204,198,193,173,199,190,207,178,181,180,208,161,173,205,199,140,177,197,182,163,181,177,185,193,182,197,178,136,195,185,152,150,169,195,177,179,140,188,190,199,182,167,191,190,176,188,189,186,190,200,158,184,164,185,189,184,197,168,174,179,186,180,164,171,197,195,187,145,172,192,186,189,197,200,194,196,183,191,150,194,192,208,182,184,176,194,196,171,170,175,204,186,191,192,176,191,188,171,187,185,188,158,169,187,187,196,184,168,202,202,183,182,189,177,177,202,198,174,179,201,181,191,186,184,169,191,202,152,178,195,186,179,191,187,182,188,191,179,198,203,190,183,210,189,191,176,181,183,191,173,206,188,189,201,207,191,174,198,183,163,199,199,199,172,200,150,179,194,181,206,176,150,188,173,175,175,175,167,188,204,173,184,200,172,181,175,156,171,184,183,194,190,184,171,170,187,198,188,200,185,179,203,142,199,171,171,211,182,196,143,204,191,176,142,187,192,165,195,185,163,190,176,179,193,173,174,167,181,170,220,183,187,150,149,196,195,192,184,163,193,185,199,182,185,204,180,187,175,199,191,192
113,103,112,131,98,111,125,109,98,81,111,127,115,98,109,108,98,88,118,127,109,59,48,66,45,52,52,45,63,43,54,69,51,52,62,62,53,48,47,52,64,60,63,44,49,52,48,53,50,55,43,45,50,62,42,52,58,53,53,50,60,57,59,47,56,63,51,55,5,6,5,5,7,5,5,6,6,6,6,6,6,5,6,7,5,6,6,6,5,6,5,8,5,6,7,6,7,5,6,4,5,6,7,4,7,6,7,5,6,6,4,4,5,6,5,6,5,5,4,5,7,6,6,6,7,7,7,6,6,7,8,7,6,7,5,5,5,5,6,7,8,7,6,6,7,6,7,6,6,7,7,5,8,4,6,6,6,8,5,5,7,6,6,7,4,8,6,5,7,7,6,5,7,6,6,5,6,6,6,5,5,6,6,5,7,5,5,6,6,4,6,6,5,5,6,6,6,6,5,4,7,5,7,6,6,5,5,5,7,6,5,6,5,4,5,5,5,6,7,348,336,386,336,300,313,333,300,351,350,384,326,338,392,336,368,343,368,335,374,365,309,284,378,339,304,292,290,174,177,189,147,180,175,158,224,192,196,188,176,166,184,157,196,199,223,159,148,159,186,182,191,191,185,151,181,170,191,185,160,212,167,183,207,184,171,185,191,184,166,146,150,218,170,176,187,194,173,156,190,165,201,194,172,182,188,193,162,158,235,213,176,179,160,192,193,166,180,142,184,187,193,139,196,200,173,156,171,187,185,169,192,193,178,198,201,236,178,166,162,187,154,163,162,195,176,193,179,179,186,193,186,165,194,182,172,189,191,214,173,173,165,185,190,194,173,167,175,174,206,192,153,187,187,195,211,185,211,176,161,209,164,182,178,184,188,169,183,180,171,211,234,180,196,171,141,182,187,172,162,191,203,187,174,155,210,182,170,184,171,166,191,179,214,159,185,171,159,195,196,173,182,202,188,157,161,174,157,203,201,197,182,171,158,154,181,156,176,175,177,168,144,180,155,197,188,201,141,186,177,180,190,177,159,188,197,187,149,188,183,193,184,201,157,192,171,190,154,214,195,192,160,200,193,210,178,171,164,207,168,166,205,195,136,165,189,172,153,171,162,171,190,178,196,175,135,202,177,155,155,160,194,176,183,129,183,193,198,190,160,185,184,171,185,192,187,179,197,164,176,149,172,182,180,194,160,161,180,176,174,152,156,197,189,187,149,170,190,175,182,205,205,189,189,174,192,158,193,195,212,175,180,161,186,202,157,166,158,202,189,181,184,161,196,189,162,180,188,183,153,161,183,177,196,175,148,214,211,175,169,183,167,166,208,200,176,176,201,180,189,187,182,157,188,209,143,163,189,181,165,185,178,181,176,185,173,196,201,183,176,213,190,192,170,182,173,192,167,205,183,185,205,209,183,171,195,180,180,197,198,207,168,199,136,172,197,177,212,172,151,184,163,171,163,154,160,183,207,168,173,206,156,169,162,155,182,182,168,190,182,176,157,165,186,192,182,201,181,171,201,135,202,158,163,229,176,189,145,207,197,170,144,184,184,179,193,177,171,190,165,173,197,155,163,158,190,160,233,172,186,153,159,198,200,189,171,151,195,178,200,181,185,202,170,182,162,205,184,188
164,154,159,194,133,160,185,157,139,112,161,186,163,135,155,152,137,126,172,189,156,59,45,70,41,50,51,38,72,35,54,76,57,48,68,64,52,46,42,52,70,61,65,35,43,51,42,52,49,54,36,40,46,64,32,48,59,52,51,48,63,58,59,42,56,67,49,56,4,5,6,7,8,5,5,7,7,6,6,7,6,4,6,8,4,7,6,6,3,6,3,9,4,7,8,6,7,4,5,4,4,6,9,3,9,6,8,6,6,6,3,4,5,6,4,6,6,4,4,3,9,6,6,6,8,7,8,6,6,9,11,8,5,8,4,4,5,5,7,8,9,7,5,7,7,6,8,7,6,8,7,4,9,3,6,7,6,9,5,5,9,7,7,8,4,9,6,6,7,9,7,5,8,6,6,5,6,6,7,4,6,7,7,4,8,5,5,7,7,3,6,6,4,4,7,5,5,5,5,3,8,4,7,6,5,6,5,4,7,6,6,7,5,3,5,4,4,6,8,337,339,402,319,344,291,328,325,399,391,400,356,385,416,368,372,337,414,312,433,370,360,325,381,385,319,310,306,159,171,188,124,180,169,145,238,187,200,183,166,166,186,142,199,199,239,175,120,161,194,175,186,203,177,158,182,175,190,179,148,220,151,178,220,184,155,182,190,183,158,124,128,232,160,176,184,195,166,166,188,144,204,192,162,173,182,194,164,134,257,231,166,176,148,193,202,155,203,115,184,189,190,138,201,202,157,140,158,181,176,153,191,191,166,202,205,260,165,145,144,184,131,141,158,194,163,197,176,175,190,189,179,156,200,176,155,186,191,229,157,162,149,176,194,203,167,156,173,158,214,192,157,184,179,205,223,190,219,182,146,220,169,180,172,175,182,163,178,177,167,218,257,169,198,162,114,181,191,155,140,188,208,188,162,129,225,172,164,179,155,157,191,175,224,148,181,158,158,193,199,189,176,204,192,170,151,160,143,206,206,203,175,154,134,138,182,169,165,173,168,148,133,173,151,196,180,205,145,183,169,170,193,167,136,186,208,189,158,189,188,193,183,213,163,189,157,197,131,237,192,191,140,206,198,218,181,163,144,212,175,154,210,193,134,154,184,159,136,157,142,156,189,177,195,173,136,216,168,159,162,147,200,179,189,114,178,201,202,205,149,180,176,167,181,200,187,167,197,175,167,127,155,176,178,196,148,142,181,162,166,134,134,200,184,188,159,169,189,161,171,221,213,182,182,164,195,174,194,205,219,163,176,137,178,211,138,157,134,205,194,171,174,137,207,192,152,173,194,173,144,150,175,164,200,165,120,234,226,164,151,177,156,151,223,207,187,171,203,180,192,192,180,143,185,222,128,147,183,173,144,177,166,183,164,179,168,193,204,178,166,228,197,194,165,184,162,201,158,210,182,186,218,216,173,166,194,182,206,200,203,225,160,199,117,163,208,171,223,168,154,179,149,166,149,127,153,177,217,160,157,219,135,156,142,156,199,180,148,188,172,162,135,155,186,189,178,207,180,161,204,126,208,137,154,259,165,183,146,213,207,161,151,183,176,202,194,168,184,193,153,170,209,128,148,144,204,148,259,156,187,160,172,203,208,186,156,133,197,175,206,182,185,205,152,175,148,221,175,184
201,192,192,242,154,195,229,191,168,132,198,230,197,160,188,184,162,153,210,235,189,59,41,73,37,48,50,32,80,27,55,83,63,45,72,66,52,43,37,52,75,62,67,27,37,50,37,50,47,54,30,35,41,65,23,44,60,50,50,47,65,60,59,37,57,70,47,56,3,5,6,8,10,5,4,7,7,5,6,7,6,3,6,8,3,9,7,6,2,5,2,10,3,7,9,6,8,3,5,3,2,5,10,1,10,6,8,5,6,6,1,2,4,6,3,7,6,3,4,2,10,7,6,7,9,7,9,6,6,10,13,9,4,9,3,3,4,4,7,9,11,8,5,8,8,6,9,7,6,9,8,3,10,1,6,7,7,10,4,5,11,7,8,8,2,11,5,6,8,11,7,4,9,6,6,5,6,6,7,3,6,7,7,3,9,6,5,7,7,2,6,7,3,3,7,5,4,5,5,2,9,3,8,6,5,7,5,3,8,5,6,8,5,2,4,2,3,5,8,352,364,443,321,378,288,344,340,456,421,437,378,421,462,389,396,350,446,313,479,395,401,356,402,422,325,320,328,146,166,187,102,180,163,133,252,184,203,178,156,166,188,130,201,198,255,189,95,163,202,171,183,214,169,164,184,181,189,176,137,229,137,173,231,183,140,178,189,184,150,106,108,245,151,175,182,198,159,173,189,125,207,190,155,165,177,195,165,112,277,246,157,173,138,193,209,144,224,91,184,191,188,138,207,203,142,127,147,175,168,140,192,189,154,205,209,283,153,127,128,182,109,121,154,193,151,202,173,170,194,186,172,149,205,170,140,184,191,245,144,151,133,168,196,213,160,147,171,145,220,192,160,182,171,214,234,194,226,188,133,230,175,179,168,168,176,157,172,175,163,226,277,159,198,155,89,180,195,139,118,184,211,189,152,104,237,163,159,176,141,150,190,172,231,137,177,146,158,191,203,204,171,208,195,183,141,146,131,209,212,208,169,138,112,124,183,181,156,170,159,131,124,166,148,194,175,209,148,180,160,159,195,159,113,184,217,190,167,190,190,194,183,225,169,186,146,204,110,257,191,190,121,211,202,225,185,155,125,219,182,141,214,191,131,143,180,149,120,145,126,140,187,175,194,171,136,230,159,163,169,137,205,181,193,100,173,209,205,219,138,176,168,163,177,207,188,156,198,184,159,106,141,170,175,199,137,124,181,151,159,119,114,202,178,189,168,167,188,147,162,236,219,176,176,153,199,189,195,214,226,154,173,115,172,219,122,150,112,208,200,161,166,116,216,194,144,167,199,164,136,140,170,152,202,155,95,253,240,153,135,172,147,137,237,211,197,165,205,179,194,196,178,130,184,235,115,132,176,167,124,169,154,184,153,173,164,193,206,174,157,241,205,197,161,186,152,208,152,215,182,186,229,222,165,161,193,183,231,204,208,241,154,198,101,155,218,166,234,164,156,175,135,162,137,102,145,172,225,153,143,231,115,144,126,158,214,178,131,186,162,149,115,147,187,185,173,213,177,152,205,119,214,117,145,286,155,179,147,217,216,152,156,183,169,223,195,160,198,197,141,167,219,103,135,133,217,138,281,142,188,166,185,206,217,185,141,117,198,171,212,184,186,207,136,169,136,237,168,182
